2291	0.04705058286138571
2293	0.005010656425566345
2296	0.02091767618462056
2297	0.011640385967991489
2302	0.022236470687060222
2303	0.022756204023565867
2304	0.052712037861680355
2307	0.02223913505975138
2309	0.006423895852021821
2310	0.00637228433764533
2311	0.01197568602607523
2312	0.02415863023053088
2313	0.012194908063695938
2317	0.005660924291950201
2318	0.005660924291950203
2321	0.00927706925353678
2322	0.05617202148167429
2324	0.016761731697525425
2325	0.006036080458900833
2328	0.01220199189822442
2329	0.009624166997172525
2336	0.016806415685671164
2338	0.016806415685671164
2339	0.007982383016064827
2340	0.007982383016064826
2341	0.006740808132092791
2343	0.06454512457956121
2345	0.005897912004907993
2346	0.005861261284759034
2347	0.07713112673981529
2352	0.022257073815206956
2355	0.0214705955785551
2359	0.018201137235964907
2360	0.01923598985852089
2372	0.012170785793789185
2374	0.04806913545595218
2387	0.006899250552941121
2389	0.046462449939782394
2408	0.004748269506324043
2420	0.00843337539978333
2424	0.005046478762369712
2431	0.014080874941215703
2437	0.006038043194492064
2439	0.004750642819174242
2445	0.006177512435459976
2446	0.012179348796514347
2447	0.037001369929459696
2455	0.01657613039285761
2461	0.016298370794685532
2462	0.007127157360975962
2465	0.004791512310289109
2473	0.005313241693542479
2474	0.013062897537320518
2479	0.00483099691187823
2482	0.019170167142397592
2484	0.006170792432229522
2485	0.006170792432229523
2489	0.014815778034728761
2492	0.004498963063450634
2493	0.004490674070059376
2494	0.004490674070059377
2497	0.05646359207308488
2498	0.037516517737844084
2499	0.0041240834738323785
2502	0.00852421871367749
2505	0.030449389120895683
2506	0.0044989630634506336
2507	0.004498963063450634
2508	0.008613014659868717
2515	0.005896127304838717
2516	0.005896127304838716
2521	0.02962834410305097
2536	0.01567091927799585
2537	0.016771130397523724
2539	0.01567091927799585
2541	0.020451061832161117
2551	0.004475350349106201
2553	0.05387733997464104
2558	0.03208518817024116
2562	0.004270713383556409
2567	0.004036302665160445
2570	0.005041859993074364
2572	0.027419040432608788
2573	0.0058657838807831784
2579	0.023247809224028804
2596	0.0133772872625437
2597	0.009262369087355928
2609	0.027375876686908808
2620	0.01941989223600418
2627	0.024299317640084694
2633	0.009122707811419422
2644	0.002933779372296968
2650	0.003411516870200387
2655	0.003958564680967415
2657	0.030144059578843387
2658	0.05149410803296027
2659	0.019009050741590216
2660	0.026637383160141886
2661	0.003018982085633074
2662	0.006623389510647721
2663	0.010210467680540621
2668	0.02685729066563669
2681	0.021602621404234988
2682	0.024030107088494897
2683	0.02031531138118243
2684	0.012705551263018589
2690	0.015050353188831777
2692	0.0155499494388553
2694	0.014122597848739567
2696	0.005207240300286667
2697	0.03064683210380346
2700	0.007622370755457283
2702	0.009100730130353509
2712	0.028095551126612717
2725	0.0069064979766788465
2726	0.030406525416485718
2727	0.017932945483791093
2728	0.030734310206579157
2729	0.008301268772204464
2730	0.0070162651299479125
2731	0.08305142393571667
2732	0.017869862851670776
2733	0.04360238676956364
2738	0.021376404959429357
2739	0.021516387968907615
2742	0.0055871430768982076
2743	0.03192065793245833
2751	0.013045862240166158
2759	0.007136701682532577
2761	0.007121173604186916
2783	0.058838335656958556
2786	0.030265278777594693
2797	0.013036706029923491
2804	0.007844629441426132
2839	0.029913672834398466
2840	0.024414433477905548
2842	0.022015811869362776
2857	0.0056429808369817865
2868	0.05631398242970952
2870	0.04357586680873464
2875	0.00622583234727024
2879	0.029985585597913835
2892	0.027026252048925392
2893	0.015910179642462666
2899	0.02477495281142935
2901	0.010731483696348614
2907	0.022474098702999445
2910	0.005642980836981788
2911	0.01638737389899702
2917	0.012164355139984678
2919	0.016741344432636075
2920	0.013758435696008101
2921	0.010269936057694414
2923	0.0049295404336272145
2925	0.018360791047546197
2931	0.012696800406692715
2936	0.009716512604152822
2938	0.01761569798065209
2949	0.014157099186859277
2962	0.05282098588277243
2968	0.013621495869079639
2971	0.02437514840933177
2993	0.058217824851180516
3018	0.04686442662292383
3031	0.035253617774384655
3040	0.006956291672101262
3048	0.05211295484286714
3052	0.04127375274049685
3055	0.01390369259857608
3058	0.0428873092925096
3061	0.012010704201074463
3062	0.022909450857174968
3071	0.05142529631456825
3085	0.021490767590588045
3088	0.03189506629435747
3091	0.010084374027376754
3092	0.005227750088409541
3093	0.013358397548329974
3095	0.01171072325251836
3096	0.028935885414388088
3107	0.03352735837543179
3109	0.013770128394041594
3110	0.02112993294683301
3112	0.16930698769809785
3113	0.017544740999137682
3114	0.0063633084833805914
3116	0.24163783997980753
3117	0.015082224009624902
3118	0.024457977372309724
3119	0.025065373503725924
3120	0.02938362381684796
3121	0.0173175036945919
3122	0.006824319477504222
3123	0.007388019096536448
3126	0.01768501902041221
3128	0.028467118134510944
3130	0.025712155813278695
3133	0.026592357193723597
3134	0.019355712989126504
3135	0.00537722849775749
3141	0.015552089559006676
3142	0.03118613419202151
3143	0.028638088849509163
3144	0.019952823226771457
3145	0.18890168107870636
3146	0.02546909039278828
3147	0.02880510816106766
3148	0.12942067490709785
3152	0.0109858756366587
3154	0.023220068121472315
3156	0.0073952845088953775
3157	0.0261203376675559
3158	0.18099165288954217
3159	0.010228858358612043
3160	0.04738942833575882
3163	0.13717016995100484
3166	0.058928809300940035
3169	0.02005741763057455
3170	0.13106076252824253
3171	0.004828022812739458
3172	0.060362867563761614
3173	0.031988516823887765
3174	0.04922318868164827
3175	0.17884586820924162
3176	0.027491357827601624
3177	0.02571373734924686
3178	0.007521469259127374
3179	0.02677368335729926
3181	0.07244531169770647
3182	0.12453947072203234
3198	0.006158658458491158
3199	0.007523698621224947
3201	0.00586748338573701
3205	0.020335590323441455
3212	0.01876050739437096
3213	0.00867353818424581
3214	0.02546052811532221
3219	0.015458745199085034
3220	0.04824927475590033
3222	0.004421296667818537
3223	0.005291924651648616
3224	0.012484274033942748
3229	0.016277704740659087
3231	0.008746865543110882
3233	0.0095967499477955
3235	0.00964479838881159
3237	0.012705551263018592
3242	0.01838260501043868
3243	0.008043245355800727
3244	0.006336634629316085
3249	0.008789429409325932
3258	0.027604959504336488
3260	0.022120524689218258
3265	0.006440999200639523
3269	0.0034809595043923357
3276	0.01578912376312216
3277	0.01147429861418325
3278	0.01204196667598245
3279	0.011253645808892532
3281	0.007872581271889074
3285	0.007236733333038481
3286	0.05359512611592051
3291	0.004101798432945496
3295	0.03187753069446633
3300	0.009827122115538852
3301	0.03581446578520893
3313	0.022507505687464728
3316	0.004207871418470575
3317	0.007718249418038401
3318	0.00822139256044221
3323	0.04779747805559822
3325	0.010595943083505619
3326	0.011025078478227103
3329	0.012170102889973323
3330	0.009225307919007724
3342	0.03132985012379103
3345	0.007285933602399499
3348	0.008014665404556108
3350	0.007270598459217744
3351	0.0071454347754715515
3354	0.041082030046455734
3357	0.05236311426243785
3364	0.03287336830512112
3376	0.03959335075346455
3379	0.04363340451522471
3382	0.028648526739188544
3384	0.03389686188650261
3391	0.019450349723859714
3392	0.014737567718615528
3395	0.006117519165358243
3396	0.012791021245980732
3398	0.02205334664216161
3402	0.00987535174061619
3406	0.004019346469641694
3409	0.008320947718194254
3411	0.048750010791369106
3416	0.004953099048795675
3423	0.025250844625051134
3424	0.025516016360330348
3426	0.010619874942261975
3428	0.007496250512260843
3429	0.006994634507282941
3430	0.004542981437922836
3431	0.007940312611327523
3432	0.009858809661644624
3433	0.007753477009148214
3435	0.0289384974109748
3436	0.013301903218916798
3437	0.015278269332186244
3440	0.008507749356908218
3441	0.007280271505077264
3445	0.012318431049411598
3449	0.007093264269408873
3459	0.040478534528258746
3460	0.02719971010644508
3461	0.015933361612200197
3465	0.005458201428594379
3470	0.008217669834603526
3473	0.012128220045828217
3475	0.0062900075420007934
3477	0.007269830066601424
3479	0.00563683289098641
3480	0.0073121827706170645
3482	0.007299016699389727
3483	0.016417665332955605
3487	0.007347660131302356
3490	0.00694201602755908
3491	0.007789438117428118
3494	0.023752791086596156
3495	0.0053275748036493795
3496	0.00919700100062446
3497	0.004995441968521362
3498	0.0070598208969286855
3502	0.020801786198815113
3503	0.02521777216847156
3507	0.005768067580913464
3514	0.048074281627727734
3517	0.0404598426394864
3519	0.00637228433764533
3523	0.016293937374017926
3526	0.012002589123688368
3539	0.007992283717518135
3540	0.007992283717518135
3543	0.04124295071914825
3545	0.007078566060915818
3549	0.05391301198302492
3553	0.006809679998346397
3557	0.00526478128344587
3559	0.010618656180947716
3583	0.009378217715071835
3584	0.014276138469383004
3585	0.04761660470467316
3587	0.03463291136224826
3591	0.006161126943593436
3596	0.008961915337928334
3598	0.007706307588953968
3601	0.013138649907413646
3609	0.013044954535638411
3610	0.006995930305221259
3618	0.024768592627333507
3625	0.010274474751254209
3632	0.016920324165806074
3637	0.007535149060876869
3638	0.04317552039871704
3641	0.006980537026737856
3646	0.045909590917851975
3652	0.018793899223441633
3655	0.0044628535806622285
3656	0.025632901722279982
3661	0.020988331120878962
3665	0.003777428456161342
3666	0.027068540575711026
3669	0.013367881132170297
3671	0.022323245041711
3673	0.00700219486833154
3675	0.009120321721099537
3676	0.02561538356453595
3678	0.015281912077237116
3679	0.005458979363116049
3683	0.07359604050663529
3688	0.04312057693664217
3689	0.0633925468704618
3692	0.03962594222284158
3694	0.005785081010396996
3696	0.023225347881047617
3699	0.0411084023756029
3706	0.02818075807923999
3711	0.024241345745812166
3717	0.047023679151623934
3722	0.031611419005624725
3723	0.035923952250586
3724	0.01564052922797467
3735	0.029887285420926096
3739	0.02977799680593663
3740	0.030147654065610093
3742	0.03278411786237023
3743	0.046815832623599604
3748	0.037728279756067275
3749	0.004868454954657923
3754	0.03491906137925497
3755	0.04179571052071283
3756	0.006979879243942403
3763	0.014130905091111895
3770	0.011675886132117947
3771	0.034373925038992816
3775	0.04492599725968699
3781	0.010742642827669832
3784	0.020435981335803786
3788	0.030528182053531288
3793	0.01842708266590945
3795	0.013358397548329978
3796	0.011733277601881007
3798	0.03445649323258676
3802	0.004607322502421292
3804	0.010995248577703275
3805	0.005060777465684724
3806	0.017891414265383487
3815	0.008621109976819757
3816	0.012888641833309207
3822	0.015311072685382942
3825	0.037433462692411164
3827	0.03293452609633935
3828	0.0255649413847169
3830	0.005594664391798998
3831	0.03911977566337583
3833	0.03458452997728353
3835	0.006255531790554621
3837	0.014179044702434035
3838	0.006502873718631933
3843	0.05364910853289998
3846	0.006287377181853614
3849	0.02518653101432404
3850	0.03073300208332389
3856	0.02990375917843155
3865	0.0205045530559856
3866	0.00937266721157994
3868	0.021165212789821197
3869	0.005700190567391671
3874	0.018253841987076854
3877	0.007751477742335595
3878	0.016480666720980454
3882	0.003472266820245515
3889	0.0242993176400847
3895	0.03819956919696022
3898	0.015151341149120066
3899	0.016446705978348995
3903	0.033406375382230416
3927	0.027857039366489252
3928	0.04321986167333772
3934	0.005009905928194776
3938	0.009052637644162618
3940	0.03955553312023423
3941	0.006664983849889864
3951	0.008952647110620446
3952	0.022367336042420687
3963	0.01712262160872613
3970	0.032353497728826335
3971	0.026392110714922548
3972	0.03585310423090983
3976	0.009807360066230831
3977	0.007002122771044425
3991	0.023276899117962664
3998	0.025486602382973247
4008	0.030734310206579157
4009	0.02721098172478123
4020	0.005815343542681964
4027	0.014978543352960172
4028	0.008402307698789814
4030	0.006348143555922484
4033	0.02554047968976458
4037	0.007861449145099198
4041	0.005122601481714663
4059	0.028083020842473414
4072	0.028413183166682413
4073	0.025414645931098594
4080	0.06220440347438858
4085	0.006287822102776545
4093	0.007415729819366908
4097	0.01101034370378023
4102	0.01703602065940644
4106	0.0083354258174861
4108	0.010475192144660528
4110	0.022072758132863697
4113	0.03603389426456537
4137	0.015309096110752407
4151	0.00530849928669314
4153	0.07601976726787826
4154	0.02776369541615084
4155	0.030389003173453336
4156	0.025901886396525756
4157	0.008666396984891885
4159	0.0067586085942266194
4161	0.02263586318581561
4162	0.008104046899207016
4163	0.012386459025428417
4164	0.028481327492584658
4175	0.011503907015993266
4186	0.009464493970139053
4218	0.03000691895841596
4221	0.006520042084668447
4249	0.056875151718158004
4258	0.025722946566495025
4282	0.004645865008326211
4292	0.006579543784569232
4306	0.03707781950852633
4310	0.055642391969823034
4311	0.016303309925396792
4313	0.0400549645507443
4314	0.02240088591746637
4320	0.03130684691899353
4331	0.014253899785140934
4336	0.027157736884174874
4337	0.05887488549976846
4341	0.018554381542966764
4346	0.031233460840591046
4358	0.03787224583430966
4359	0.0038097030672301973
4363	0.038558202574172314
4367	0.01424430620640779
4376	0.03692031795627717
4380	0.00873941787075298
4384	0.055048846352319526
4392	0.04000606854234777
4395	0.009944245474488288
4421	0.006190092042764162
4431	0.018056611819037276
4432	0.020711041666089752
4434	0.023719885382822894
4437	0.02930005021599123
4439	0.020282070514799064
4441	0.0175821540252665
4442	0.02242936875461331
4445	0.03224662101052101
4446	0.00824111915493001
4464	0.021047408060794442
4465	0.02030591127945884
4482	0.012421612476412313
4489	0.010092930510084842
4490	0.014814787678358175
4494	0.004266630137233321
4495	0.020697332623169556
4497	0.03301094578252295
4504	0.022604977073535218
4505	0.018289195463791874
4508	0.005986045554167077
4512	0.04134833236993508
4513	0.021537322432576767
4514	0.031279187442074974
4518	0.006650052201402939
4520	0.010548182933964617
4522	0.03824130281336303
4528	0.005892737940724631
4543	0.00713381332733007
4545	0.005342706148426982
4546	0.008212780889731036
4548	0.026295834317566272
4551	0.003646727959726052
4554	0.008735775128561966
4555	0.006001167502602347
4556	0.006249240178097851
4564	0.06767474220712788
4566	0.03861042270479427
4569	0.007699634535768583
4585	0.01786986285167077
4587	0.004737366232318473
4591	0.03380656496363202
4592	0.004671275667621108
4597	0.045885889463443436
4602	0.004227611223563474
4604	0.03917120194311892
4616	0.02589274168843103
4620	0.004426782073480899
4622	0.006894150305441337
4636	0.021033711715335093
4637	0.006334545753419739
4648	0.04418795007640275
4657	0.015916702442770436
4659	0.015857602958994257
4667	0.023548006504067635
4680	0.007109681253844736
4697	0.024957315124435886
4714	0.021102847821268197
4715	0.05255241362260814
4717	0.05571038112878038
4732	0.032536423008729644
4733	0.009600489271880832
4743	0.018658872979918726
4751	0.01005998288668546
4753	0.005626636859306114
4754	0.007813534377215907
4758	0.005533643729019495
4761	0.03552925630629125
4762	0.019680794954940187
4769	0.008128881417016037
4785	0.07809229418282697
4791	0.04159766247290214
4809	0.029762265346450933
4811	0.06841976236112371
4818	0.02674413884595484
4831	0.02652690763922089
4834	0.009049728709477203
4839	0.018252101674031455
4841	0.010075442898041352
4845	0.006157714205326538
4846	0.009502474529478624
4849	0.0338142825149689
4851	0.006750963776091173
4853	0.007405801982967021
4855	0.026785486398314105
4856	0.008182987922031242
4861	0.005399706222719292
4865	0.03320388939742739
4871	0.021096618771118125
4879	0.006962525611310454
4881	0.016422118958772918
4885	0.01677363886357383
4889	0.029300830739026264
4892	0.047840926216627166
4893	0.008766597895772362
4896	0.02204350421674947
4900	0.017713869794524613
4905	0.018132909548358292
4910	0.021432120611059088
4914	0.004862910526678348
4916	0.0210632021677311
4917	0.02319919722081098
4918	0.015867301714282207
4921	0.017619401827968586
4923	0.02018522831468824
4929	0.006327903900625469
4930	0.06283656212742003
4933	0.026487672164418205
4934	0.011441410015146763
4937	0.007785693620505777
4938	0.010065590684092037
4939	0.004195839503230844
4940	0.06601403703874173
4942	0.02612551409186027
4943	0.039555533120234236
4946	0.018398055598471234
4948	0.023748408199805754
4949	0.01902619203029809
4950	0.01770289280783999
4957	0.010884689881390875
4958	0.010884689881390873
4959	0.03577958352627886
4965	0.005871659887983791
4966	0.12558553887807358
4967	0.004607785592314119
4975	0.015299158981554649
4979	0.014347774979992824
4983	0.026508305456719693
4984	0.010527419260009253
4985	0.028003637599365347
4986	0.007376610105366827
4989	0.05130888479199163
4990	0.009271946903993461
4992	0.006083606819888635
4993	0.017428210397944708
4995	0.013676073728544059
4996	0.006320907024960946
4997	0.006391772224045082
4998	0.0437949677480144
4999	0.004417426461747966
5000	0.006986666414409578
5001	0.007037525886773186
5004	0.005412746009263639
5014	0.01851551169697239
5021	0.02714965134413513
5029	0.01949578138260833
5030	0.006713165112484735
5032	0.0062230434708965285
5036	0.015637704490721896
5043	0.030036189936943663
5046	0.07614177197554702
5056	0.013947439041419133
5066	0.00935882592835804
5073	0.006900594619179813
5081	0.01585610822946763
5096	0.01999231588990372
5103	0.029646329925604363
5105	0.03174514539718452
5108	0.02110156143698863
5111	0.004113563382875936
5115	0.016337612646659515
5116	0.02060743224696937
5117	0.011702363095851437
5119	0.021362861371084237
5121	0.024625509306070888
5131	0.026512959655195983
5133	0.02783026674591495
5135	0.005849024927414389
5148	0.010525817912396285
5154	0.010402522983052937
5155	0.008734840811272359
5157	0.00818947482313587
5160	0.0037739168194667874
5163	0.010283560384182724
5164	0.005009510790802747
5165	0.005009510790802746
5166	0.006285911007616913
5169	0.006621475225226641
5170	0.0038149740101039334
5171	0.003800404127871991
5174	0.005072863188680998
5188	0.026814398071350207
5192	0.012361600277508992
5195	0.0074604770488849665
5198	0.009560340403411237
5199	0.005099396432159973
5202	0.0031668199906259398
5204	0.01423930171965279
5210	0.036737693704510105
5217	0.028797519798224015
5224	0.02963140839306763
5225	0.0051496255418260785
5226	0.0051496255418260785
5241	0.010773335578481154
5242	0.010821831868583761
5250	0.022215062012906656
5255	0.03418213543759538
5266	0.0073200726854890374
5270	0.023247809224028804
5273	0.006888727474926051
5274	0.05254062047712345
5277	0.023524924777782487
5298	0.03660150564014841
5310	0.01674048306358362
5316	0.031055901067281365
5319	0.007117761936734408
5337	0.017885764933542932
5338	0.029132133008503657
5340	0.05359560314195736
5341	0.017991861348970167
5342	0.03436780090405316
5347	0.02783706212301021
5351	0.014268848228458076
5352	0.028063786664732793
5353	0.03827409485361391
5354	0.006557632514892447
5362	0.018095712531776633
5364	0.007134722898062669
5376	0.0029577589983614573
5380	0.031825237090171175
5381	0.031825237090171175
5382	0.14906401003989847
5383	0.022228993730527485
5384	0.024725665138797967
5388	0.0071703017241019126
5390	0.0035810590873141413
5395	0.026606896806133814
5397	0.0073300676007393446
5399	0.0016596400920103997
5400	0.010657013175899918
5401	0.012327008366212578
5402	0.01747498280624119
5406	0.00663076629453402
5407	0.009385393642851713
5423	0.00450618491926785
5424	0.04821896165568411
5425	0.05086319045006888
5426	0.01674913900330553
5427	0.1717257181124953
5430	0.03607741836813963
5431	0.020324485354649542
5434	0.06303307004251134
5436	0.07591175843848898
5438	0.027303630354829796
5439	0.00933636126033355
5442	0.0060599173076210855
5443	0.01928505225090599
5445	0.01418583768332878
5447	0.006679746771595314
5448	0.013458056803896792
5449	0.018279289614304445
5452	0.021624768949976732
5458	0.01895729276140926
5459	0.010462904790839764
5460	0.013067454621106108
5461	0.0138996016703017
5463	0.029919314113713246
5464	0.007622370755457284
5465	0.019843274952993085
5468	0.03386300050703889
5478	0.011652211711780259
5480	0.030996264996063186
5481	0.025308194063017483
5487	0.016885843883648527
5488	0.006104525522308627
5489	0.005340064823103716
5493	0.037485733048909294
5496	0.01803760036759475
5497	0.004688285103699141
5500	0.03264678466774461
5503	0.0352478878919174
5514	0.06321595942753912
5515	0.007507043810729065
5518	0.03678031685482817
5545	0.009078009208360514
5546	0.022398601124786168
5547	0.03225036269897829
5552	0.023371337218772315
5566	0.03652410659783081
5571	0.006199662622193798
5581	0.015323097670273214
5586	0.021166385882265167
5588	0.027449537787760835
5591	0.005441789369331535
5592	0.02364200223621245
5597	0.03064889826172604
5603	0.027413935479760863
5625	0.017485546128803348
5631	0.009786860498488462
5639	0.024758739492895376
5645	0.015666717563649776
5654	0.008857483605227322
5661	0.07292636791350528
5665	0.026181797420841965
5670	0.018908758423903677
5673	0.014935696405362093
5680	0.030169025742943556
5686	0.011249702091278914
5703	0.01869600767813976
5708	0.015463208876644133
5720	0.015934498642912465
5721	0.0102537912090751
5723	0.025694532060031024
5751	0.035540044284707376
5753	0.04392017582604601
5766	0.014500716205054496
5773	0.0384651831486171
5778	0.015310635654120174
5785	0.0029421978086606724
5790	0.00791880843106854
5793	0.030904477700643276
5794	0.03550394421656209
5803	0.005811393899955022
5810	0.016350770485272306
5811	0.017082536132857675
5822	0.016549444459944666
5825	0.004712180680796218
5827	0.012630220521311209
5828	0.01534657618680894
5830	0.004950006023118514
5831	0.05129013629912851
5833	0.005180113652469139
5839	0.005704369940391493
5841	0.01921155329751698
5845	0.17480244321470695
5846	0.012455205492190863
5847	0.16370552186457296
5848	0.15141433195843473
5849	0.19185846807760165
5850	0.10723047072584285
5851	0.032069154450732516
5852	0.040691041585495594
5853	0.020914039379567515
5854	0.016909833196799295
5855	0.017567495402510958
5856	0.06571289733979341
5857	0.05180922736992895
5858	0.04950909474520609
5860	0.034368088020467875
5862	0.027468726108433185
5863	0.019878365772356864
5864	0.030354585118031713
5865	0.025464105182753174
5866	0.035441063898232913
5867	0.02462980233377586
5869	0.029730460724161318
5870	0.03946366615626943
5872	0.05283433674759182
5874	0.027675981237650624
5875	0.1717257181124953
5877	0.014555935243517929
5878	0.02976722635293875
5879	0.011286720636413039
5881	0.11372940315596389
5883	0.020829289680795893
5884	0.10281923829813555
5885	0.04635056899821271
5886	0.0186298765517058
5889	0.07203524806616032
5890	0.05785237840798096
5892	0.10053836461899325
5893	0.008405146062865824
5895	0.06725095849532997
5896	0.01145527489848026
5900	0.025330468949235827
5901	0.025012868513193842
5902	0.023351470777677845
5903	0.030375030178017758
5905	0.3030609217911675
5906	0.03807381628729348
5907	0.00909589191698486
5908	0.04436149665277926
5909	0.03910355185300926
5910	0.15972742513907107
5914	0.28149430222366284
5916	0.034065569386618984
5923	0.08454328105269895
5926	0.01929442750308706
5927	0.015463267250828408
5930	0.015556669628259856
5934	0.01000696393929966
5937	0.024843663078938236
5938	0.02054552268699152
5944	0.02439310477953099
5951	0.006877759908766991
5953	0.015476666474126393
5961	0.015952657970469825
5970	0.017395387914556592
5971	0.012599941996336907
5980	0.005319151678632075
5984	0.026403276484823428
5990	0.008525787293249406
5994	0.01053056712037804
5997	0.01809791901918251
6000	0.005838411019712888
6002	0.02207852569798832
6008	0.0234819259342562
6013	0.01312312746929082
6014	0.029543510659569016
6022	0.015292987926726193
6024	0.013404628342185873
6026	0.013805228434543666
6031	0.017136902326613374
6034	0.01957411599769568
6035	0.025704334911267147
6041	0.00820841930697124
6042	0.014446152777811248
6046	0.01211758795104193
6047	0.011315292910854001
6048	0.015889843686730593
6051	0.013067454621106108
6054	0.007317179878489724
6055	0.019424491190833604
6059	0.027548075188432514
6060	0.0060836548857683085
6065	0.029919314113713246
6066	0.0138996016703017
6069	0.018737740801455734
6072	0.034565233378451896
6075	0.014623692519825718
6077	0.007215068367123944
6078	0.009371348801564414
6079	0.005079583698539098
6080	0.005888809013451553
6081	0.006319463610350049
6084	0.004921741562468956
6087	0.003982558530712984
6088	0.03884625472439205
6100	0.007148235294968649
6101	0.02695182758040707
6105	0.025558739397802253
6107	0.006163232045489154
6108	0.006675537793556937
6109	0.007603419355016506
6111	0.04330240852547347
6113	0.005463235690927729
6115	0.014278608480300412
6119	0.005078165453755241
6124	0.02997366609021701
6135	0.007759097885528896
6136	0.006797881356946868
6139	0.02343636856305941
6143	0.06641945268341677
6146	0.03947771218800412
6148	0.008312901420781142
6150	0.012197603042367852
6155	0.006065194847092223
6156	0.0031155039603761024
6159	0.009671071518441628
6162	0.039199732379243686
6167	0.012597515974691572
6168	0.026335817470276073
6169	0.016744213459231157
6173	0.005461757666970434
6180	0.007093264269408873
6183	0.007125607520984889
6192	0.02719971010644508
6194	0.005455304039789941
6201	0.008591574609552604
6204	0.009114333169825588
6206	0.005842451466035718
6209	0.019370616867993778
6227	0.00795031325832993
6231	0.02208368564439433
6233	0.043987351941387705
6234	0.13105100474561335
6236	0.0048549887895849185
6237	0.008616832861468141
6240	0.08519471840065067
6241	0.006173024635850111
6242	0.02976149261711251
6244	0.02568313738707817
6245	0.02089474486923398
6251	0.0516669844795386
6252	0.029646329925604363
6254	0.023303508341620063
6258	0.01147470582449114
6259	0.015920550308230596
6261	0.04939688464682279
6264	0.02285535960177575
6271	0.008795418992751257
6280	0.03590968499844925
6282	0.034800108348658924
6298	0.011084589919297618
6299	0.018075742061712995
6301	0.011302560799177856
6307	0.021943667131183606
6314	0.027885792713579875
6321	0.008190837566965538
6327	0.04436041713595255
6329	0.05915099890526872
6330	0.02282691548242283
6333	0.027449537787760832
6337	0.024256485354555
6347	0.013531011578533357
6349	0.025329593170535587
6357	0.017277797575923754
6361	0.039612660719170696
6362	0.00659999716456817
6371	0.04451559533951112
6377	0.014899697426496994
6380	0.020308817808293484
6384	0.020973265732574558
6388	0.013754388055630076
6390	0.07644310946484546
6391	0.00955671809450321
6392	0.056520356614362464
6393	0.04136475049044426
6394	0.04680638868533523
6396	0.04422306378604332
6397	0.0083354258174861
6399	0.016887703901015582
6401	0.02553548137077162
6405	0.03432644291156635
6408	0.022072758132863697
6410	0.02223891686728486
6412	0.06628512637329377
6413	0.00603348981135047
6415	0.005187662846654723
6418	0.027294008588094172
6423	0.019071413136629117
6429	0.038726322757241
6432	0.005678053869218275
6433	0.044543824466376246
6445	0.03967086167541064
6449	0.030025579001895952
6464	0.02660008218944037
6466	0.048265949146556235
6472	0.01769106771399027
6477	0.03388353357672566
6486	0.006564922333966986
6493	0.007620044604937662
6497	0.01575880063739307
6498	0.004429145526768672
6499	0.03417173915809281
6502	0.04689402481473629
6504	0.013219653133647901
6506	0.004717270840851445
6510	0.024003937630889084
6514	0.041835393074932524
6524	0.023879193167138085
6525	0.02126441839009523
6526	0.007142214369602337
6528	0.031849873425141235
6530	0.0105998585711027
6535	0.00710716070533439
6537	0.02161823340273147
6546	0.010087983367963009
6547	0.01016032810569025
6548	0.010295962017285052
6549	0.007514225953028437
6550	0.008549160569391466
6553	0.02276132035871301
6558	0.022287391727404307
6559	0.012291519653883805
6567	0.00772964694847303
6568	0.014657665189663601
6572	0.014942372245585162
6580	0.028291697760921407
6582	0.009653176210445006
6587	0.00449243299331568
6589	0.004259231507632787
6590	0.025714563263360486
6593	0.02438602480064553
6599	0.040870552673429844
6604	0.031046374200850307
6617	0.009288436828874636
6620	0.024041716751546222
6627	0.04919720241951869
6632	0.008443811171820291
6634	0.005772495340620617
6636	0.03111102028520143
6637	0.01654227404101697
6640	0.00875067028839137
6641	0.015310978057063907
6644	0.011912494756399987
6645	0.013283703297938715
6646	0.019836645299944902
6649	0.019315128283593365
6650	0.05457388170932949
6654	0.0332281109252518
6662	0.040444038433853184
6663	0.006889800594604569
6665	0.0058361634726750095
6669	0.027069193541577916
6672	0.017120443665684503
6673	0.01818951277965293
6679	0.008637448856705658
6681	0.02040877257309677
6689	0.006391772224045082
6696	0.02674797554154768
6718	0.0053400648231037165
6723	0.006223043470896529
6727	0.023033962599673184
6732	0.014251477261548537
6733	0.023382886916412236
6735	0.03359755753188471
6742	0.004889218424064666
6746	0.013689848269787157
6747	0.01207990493747913
6754	0.03187968606160268
6759	0.02058772437164384
6766	0.016706154846478076
6770	0.024188197519686764
6771	0.011273207377396165
6775	0.004351417895372777
6778	0.027806641221957428
6780	0.021856312091603883
6793	0.035083887036394874
6806	0.012899495886068804
6807	0.005016693946946508
6813	0.014132510010633285
6814	0.018339754481655316
6818	0.04179377571558536
6836	0.018618725296685776
6874	0.0076709492100561424
6884	0.03435478446089921
6895	0.02296588756434761
6980	0.03708612828214293
6981	0.028503570003493822
6986	0.01715496946985772
6995	0.030518041312166098
6996	0.041537021567307854
7006	0.02043559708309971
7007	0.022311306671577873
7009	0.013213528704670826
7027	0.025160930228539182
7029	0.013516189144395988
7030	0.004564290496730725
7037	0.02426856782032987
7038	0.008125165906468291
7042	0.012131671356048196
7044	0.0026721524824237716
7050	0.061517432972032174
7051	0.025049124147639792
7052	0.031232178718037417
7055	0.023056896178898438
7056	0.022436502167553725
7058	0.027350140003074126
7063	0.011613272468506634
7066	0.01447431236353279
7067	0.010528274205197103
7068	0.010712688482571203
7069	0.010480023057255634
7073	0.028275124170558948
7076	0.007310298481087284
7077	0.004398741754177673
7084	0.012896347966896215
7085	0.0073200726854890374
7088	0.014121128668159346
7095	0.005816356817767779
7097	0.03577931480198966
7111	0.027621578979108143
7113	0.01419747543132938
7114	0.07040802551892397
7115	0.004508630497564364
7118	0.02502498913924379
7123	0.019416284420149737
7125	0.016714107253030415
7127	0.0439731327832938
7128	0.004018777757336946
7132	0.003951438823724899
7135	0.026568741196791573
7137	0.026543305018054346
7138	0.007144112137419134
7141	0.01610408522348394
7145	0.02718148143345221
7146	0.023132927390452914
7150	0.030097756056242795
7156	0.03913896015933357
7161	0.008330151207385502
7169	0.01050360168344029
7171	0.01000121717147128
7172	0.0038821909601068215
7175	0.052377283698303516
7177	0.0061598769359960965
7180	0.03176914205791483
7181	0.024191831058541682
7183	0.0056939556330681375
7184	0.022604689755548503
7193	0.010451680449551675
7197	0.013912508818096305
7216	0.006860145250068004
7221	0.01042619473625244
7225	0.024928245404000286
7226	0.010845174338455475
7227	0.009026689138378173
7229	0.006496337427625563
7239	0.005154174746512014
7240	0.01910316166749374
7241	0.021912964013751646
7243	0.022532695126797963
7246	0.012073685385005977
7255	0.009718532811607661
7260	0.03150758086523379
7268	0.005837102698531569
7272	0.05507121731395213
7279	0.03884678820583561
7282	0.013193388436374544
7285	0.025567222922953912
7289	0.017199031162871956
7290	0.028164991033857494
7293	0.0060261344434618365
7303	0.02462550930607089
7306	0.005479128876315747
7319	0.00423242097813374
7320	0.006492921825573327
7325	0.00399777680578901
7330	0.04948115218188659
7332	0.05004451294021214
7337	0.022512849746264225
7338	0.03351261204086045
7355	0.007650305922012013
7358	0.02677941427628543
7378	0.005334400730814034
7386	0.01964741495734323
7390	0.010473957536031874
7397	0.011138824705522347
7402	0.006507496479093883
7408	0.023997929355469436
7417	0.007932338857323204
7422	0.04918976027670282
7423	0.008688437714523605
7426	0.02074958008888824
7427	0.010446251172419084
7429	0.015256236405914147
7445	0.004634487238838589
7446	0.049867638261701645
7453	0.03323711995343604
7456	0.012280988636211215
7473	0.007183203723593603
7475	0.022889314983176194
7476	0.00570782512520762
7478	0.006094122692245945
7479	0.02136462259520406
7481	0.005959113363487689
7488	0.005150555414252146
7489	0.010883166055078004
7490	0.04126174863148161
7491	0.009100730130353509
7495	0.03927611581185566
7504	0.05547312487274768
7506	0.01677363886357383
7513	0.006051803695405658
7517	0.022336180099068258
7522	0.04798748687646985
7523	0.014515188625401779
7526	0.01766729364759868
7533	0.015189691572317159
7534	0.006601983495708712
7535	0.016885491028113472
7550	0.007311069084283169
