2291	0.04705058286138571,5.972071132231907,24.033387543502975,
2293	0.005010656425566345,5.972071132231907,23.86682190076143,
2296	0.02091767618462056,5.972071132231907,24.892989385787583,
2297	0.011640385967991489,5.972071132231907,25.92305669377154,
2302	0.022236470687060222,5.972071132231907,20.567226934103402,
2303	0.022756204023565867,5.972071132231907,29.719000760734396,
2304	0.052712037861680355,5.972071132231907,21.005019420146635,
2307	0.02223913505975138,5.972071132231907,17.057551419797463,
2309	0.006423895852021821,5.972071132231907,18.61618669880198,
2310	0.00637228433764533,5.972071132231907,18.766966158181173,
2311	0.01197568602607523,5.972071132231907,25.197252560613386,
2312	0.02415863023053088,5.972071132231907,27.993790965561697,
2313	0.012194908063695938,5.972071132231907,24.74429358626691,
2317	0.005660924291950201,5.972071132231907,21.125250638831513,
2318	0.005660924291950203,5.972071132231907,21.125250638831506,
2321	0.00927706925353678,5.972071132231907,12.89075690248901,
2322	0.05617202148167429,5.972071132231907,19.86562090910364,
2324	0.016761731697525425,5.972071132231907,18.002578184101036,
2325	0.006036080458900833,5.972071132231907,19.812268131474646,
2328	0.01220199189822442,5.972071132231907,24.729928351250255,
2329	0.009624166997172525,5.972071132231907,12.425848860481285,
2336	0.016806415685671164,5.972071132231907,20.86564649886324,
2338	0.016806415685671164,5.972071132231907,20.86564649886324,
2339	0.007982383016064827,5.972071132231907,19.49144173307058,
2340	0.007982383016064826,5.972071132231907,19.491441733070584,
2341	0.006740808132092791,5.972071132231907,17.74096550019585,
2343	0.06454512457956121,5.972071132231907,26.744192293035997,
2345	0.005897912004907993,5.972071132231907,26.38020935531183,
2346	0.005861261284759034,5.972071132231907,26.545165944615672,
2347	0.07713112673981529,5.972071132231907,22.312701153083232,
2352	0.022257073815206956,5.972071132231907,20.49869387553628,
2355	0.0214705955785551,5.972071132231907,22.27948341299729,
2359	0.018201137235964907,5.972071132231907,16.57887534573215,
2360	0.01923598985852089,5.972071132231907,18.230240876053845,
2372	0.012170785793789185,5.972071132231907,24.793336313552807,
2374	0.04806913545595218,5.972071132231907,20.218654641884033,
2387	0.006899250552941121,5.972071132231907,17.33354131687793,
2389	0.046462449939782394,5.972071132231907,12.393435730667292,
2408	0.004748269506324043,5.972071132231907,25.18569014577257,
2420	0.00843337539978333,5.972071132231907,14.180377232818344,
2424	0.005046478762369712,5.972071132231907,23.697403703873274,
2431	0.014080874941215703,5.972071132231907,24.90447007548583,
2437	0.006038043194492064,5.972071132231907,19.805827925177326,
2439	0.004750642819174242,5.972071132231907,25.17310794914376,
2445	0.006177512435459976,5.972071132231907,19.358673214227743,
2446	0.012179348796514347,5.972071132231907,24.775904724231744,
2447	0.037001369929459696,5.972071132231907,30.46148411831116,
2455	0.01657613039285761,5.972071132231907,25.418648376588166,
2461	0.016298370794685532,5.972071132231907,30.281521808252073,
2462	0.007127157360975962,5.972071132231907,26.881385197341363,
2465	0.004791512310289109,5.972071132231907,24.958392417796404,
2473	0.005313241693542479,5.972071132231907,22.507623671673223,
2474	0.013062897537320518,5.972071132231907,26.845248353842337,
2479	0.00483099691187823,5.972071132231907,24.75440301376706,
2482	0.019170167142397592,5.972071132231907,22.418506569021087,
2484	0.006170792432229522,5.972071132231907,19.37975484158203,
2485	0.006170792432229523,5.972071132231907,19.379754841582027,
2489	0.014815778034728761,5.972071132231907,11.922872548289533,
2492	0.004498963063450634,5.972071132231907,26.58133503838446,
2493	0.004490674070059376,5.972071132231907,26.630399501096864,
2494	0.004490674070059377,5.972071132231907,26.63039950109686,
2497	0.05646359207308488,5.972071132231907,14.566162839235613,
2498	0.037516517737844084,5.972071132231907,30.140987496681337,
2499	0.0041240834738323785,5.972071132231907,28.997580983434393,
2502	0.00852421871367749,5.972071132231907,18.252482564652126,
2505	0.030449389120895683,5.972071132231907,17.10062192616443,
2506	0.0044989630634506336,5.972071132231907,26.581335038384463,
2507	0.004498963063450634,5.972071132231907,26.58133503838446,
2508	0.008613014659868717,5.972071132231907,18.064308444013648,
2515	0.005896127304838717,5.972071132231907,20.282541120975516,
2516	0.005896127304838716,5.972071132231907,20.28254112097552,
2521	0.02962834410305097,5.972071132231907,30.437571236734527,
2536	0.01567091927799585,5.972071132231907,19.255691388145376,
2537	0.016771130397523724,5.972071132231907,28.040159606325503,
2539	0.01567091927799585,5.972071132231907,19.255691388145372,
2541	0.020451061832161117,5.972071132231907,19.19663193685441,
2551	0.004475350349106201,5.972071132231907,26.721582711123734,
2553	0.05387733997464104,5.972071132231907,16.83095447190566,
2558	0.03208518817024116,5.972071132231907,14.90886621956177,
2562	0.004270713383556409,5.972071132231907,28.00198322260421,
2567	0.004036302665160445,5.972071132231907,29.628215333585274,
2570	0.005041859993074364,5.972071132231907,23.719112525767823,
2572	0.027419040432608788,5.972071132231907,17.446043716785105,
2573	0.0058657838807831784,5.972071132231907,20.387461751988518,
2579	0.023247809224028804,5.972071132231907,16.31745968654288,
2596	0.0133772872625437,5.972071132231907,22.55721802659766,
2597	0.009262369087355928,5.972071132231907,16.797878812783804,
2609	0.027375876686908808,5.972071132231907,11.022638245953434,
2620	0.01941989223600418,5.972071132231907,6.158038523673304,
2627	0.024299317640084694,5.972071132231907,18.775874675201436,
2633	0.009122707811419422,5.972071132231907,17.055040747213354,
2644	0.002933779372296968,5.972071132231907,53.033351763893506,
2650	0.003411516870200387,5.972071132231907,45.60673722816467,
2655	0.003958564680967415,5.972071132231907,30.210051913480967,
2657	0.030144059578843387,5.972071132231907,18.588698754513583,
2658	0.05149410803296027,5.972071132231907,12.515919265361626,
2659	0.019009050741590216,5.972071132231907,26.632833429771388,
2660	0.026637383160141886,5.972071132231907,19.446056177947547,
2661	0.003018982085633074,5.972071132231907,39.61217427688723,
2662	0.006623389510647721,5.972071132231907,18.055475119294762,
2663	0.010210467680540621,5.972071132231907,11.712337598679504,
2668	0.02685729066563669,5.972071132231907,16.001856753218572,
2681	0.021602621404234988,5.972071132231907,25.430013897215023,
2682	0.024030107088494897,5.972071132231907,19.90643555178399,
2683	0.02031531138118243,5.972071132231907,27.82710293067488,
2684	0.012705551263018589,5.972071132231907,9.412298769198461,
2690	0.015050353188831777,5.972071132231907,7.945889575776819,
2692	0.0155499494388553,5.972071132231907,27.63780806497012,
2694	0.014122597848739567,5.972071132231907,8.46787862939615,
2696	0.005207240300286667,5.972071132231907,22.965801003712905,
2697	0.03064683210380346,5.972071132231907,24.733235902535448,
2700	0.007622370755457283,5.972071132231907,15.689140341182924,
2702	0.009100730130353509,5.972071132231907,17.09622757955972,
2712	0.028095551126612717,5.972071132231907,21.282452153362648,
2725	0.0069064979766788465,5.972071132231907,25.576874677774587,
2726	0.030406525416485718,5.972071132231907,25.655945648504144,
2727	0.017932945483791093,5.972071132231907,25.441494991189295,
2728	0.030734310206579157,5.972071132231907,26.97410487163916,
2729	0.008301268772204464,5.972071132231907,18.742695570783475,
2730	0.0070162651299479125,5.972071132231907,22.175352636629178,
2731	0.08305142393571667,5.972071132231907,10.671891668030359,
2732	0.017869862851670776,5.972071132231907,27.92039527498549,
2733	0.04360238676956364,5.972071132231907,24.56050365685872,
2738	0.021376404959429357,5.972071132231907,86.93693784978899,
2739	0.021516387968907615,5.972071132231907,94.32289259527397,
2742	0.0055871430768982076,5.972071132231907,21.404220881576077,
2743	0.03192065793245833,5.972071132231907,14.985711731623804,
2751	0.013045862240166158,5.972071132231907,26.880302900216613,
2759	0.007136701682532577,5.972071132231907,16.756822666077852,
2761	0.007121173604186916,5.972071132231907,16.793361763373586,
2783	0.058838335656958556,5.972071132231907,8.704868101825259,
2786	0.030265278777594693,5.972071132231907,9.9703157404588,
2797	0.013036706029923491,5.972071132231907,9.17321018364634,
2804	0.007844629441426132,5.972071132231907,15.244626327837988,
2839	0.029913672834398466,5.972071132231907,25.80825038719165,
2840	0.024414433477905548,5.972071132231907,18.687345054147105,
2842	0.022015811869362776,5.972071132231907,21.727737359768636,
2857	0.0056429808369817865,5.972071132231907,21.19242435330705,
2868	0.05631398242970952,5.972071132231907,14.6048608380931,
2870	0.04357586680873464,5.972071132231907,20.139215507877328,
2875	0.00622583234727024,5.972071132231907,19.20842673627924,
2879	0.029985585597913835,5.972071132231907,27.647634359604886,
2892	0.027026252048925392,5.972071132231907,11.165232413261101,
2893	0.015910179642462666,5.972071132231907,22.041028856408623,
2899	0.02477495281142935,5.972071132231907,15.31164126530758,
2901	0.010731483696348614,5.972071132231907,28.11860819285388,
2907	0.022474098702999445,5.972071132231907,21.28467016102181,
2910	0.005642980836981788,5.972071132231907,21.192424353307047,
2911	0.01638737389899702,5.972071132231907,21.39920226215304,
2917	0.012164355139984678,5.972071132231907,24.806443244471577,
2919	0.016741344432636075,5.972071132231907,20.946748334413638,
2920	0.013758435696008101,5.972071132231907,25.488124984434876,
2921	0.010269936057694414,5.972071132231907,29.38230420232718,
2923	0.0049295404336272145,5.972071132231907,24.259552411644023,
2925	0.018360791047546197,5.972071132231907,10.434619177699657,
2931	0.012696800406692715,5.972071132231907,9.418785889700256,
2936	0.009716512604152822,5.972071132231907,31.05583223930124,
2938	0.01761569798065209,5.972071132231907,19.90705840866054,
2949	0.014157099186859277,5.972071132231907,24.77038014508406,
2962	0.05282098588277243,5.972071132231907,10.585548938927195,
2968	0.013621495869079639,5.972071132231907,22.152808200059646,
2971	0.02437514840933177,5.972071132231907,17.285754442390072,
2993	0.058217824851180516,5.972071132231907,15.598664127216175,
3018	0.04686442662292383,5.972071132231907,7.482791402351874,
3031	0.035253617774384655,5.972071132231907,14.69330190962719,
3040	0.006956291672101262,5.972071132231907,17.1914074555724,
3048	0.05211295484286714,5.972071132231907,16.45845971427423,
3052	0.04127375274049685,5.972071132231907,9.511892683425577,
3055	0.01390369259857608,5.972071132231907,38.474192339162734,
3058	0.0428873092925096,5.972071132231907,19.810297660407883,
3061	0.012010704201074463,5.972071132231907,25.123787942311612,
3062	0.022909450857174968,5.972071132231907,22.728763534549028,
3071	0.05142529631456825,5.972071132231907,9.301915834057697,
3085	0.021490767590588045,5.972071132231907,17.65154214313244,
3088	0.03189506629435747,5.972071132231907,21.58677890064996,
3091	0.010084374027376754,5.972071132231907,41.78175350861393,
3092	0.005227750088409541,5.972071132231907,22.875700347657723,
3093	0.013358397548329974,5.972071132231907,29.38911686745907,
3095	0.01171072325251836,5.972071132231907,32.39297707184332,
3096	0.028935885414388088,5.972071132231907,10.428379192971976,
3107	0.03352735837543179,5.972071132231907,19.459663558638123,
3109	0.013770128394041594,5.972071132231907,35.841312189347896,
3110	0.02112993294683301,5.972071132231907,28.955562598863974,
3112	0.16930698769809785,5.972071132231907,30.053488750031836,
3113	0.017544740999137682,5.972071132231907,28.437788528935815,
3114	0.0063633084833805914,5.972071132231907,27.760186964560415,
3116	0.24163783997980753,5.972071132231907,24.69040613194674,
3117	0.015082224009624902,5.972071132231907,35.46780255490406,
3118	0.024457977372309724,5.972071132231907,20.39962776698366,
3119	0.025065373503725924,5.972071132231907,29.184520361843376,
3120	0.02938362381684796,5.972071132231907,19.069766419618492,
3121	0.0173175036945919,5.972071132231907,28.810944298180804,
3122	0.006824319477504222,5.972071132231907,17.52386372137336,
3123	0.007388019096536448,5.972071132231907,21.05952237205512,
3126	0.01768501902041221,5.972071132231907,21.45008661713544,
3128	0.028467118134510944,5.972071132231907,17.337177171437183,
3130	0.025712155813278695,5.972071132231907,27.84391170452453,
3133	0.026592357193723597,5.972071132231907,14.26519608811,
3134	0.019355712989126504,5.972071132231907,19.598616182552156,
3135	0.00537722849775749,5.972071132231907,22.23979222098722,
3141	0.015552089559006676,5.972071132231907,22.548528111264474,
3142	0.03118613419202151,5.972071132231907,15.82560594459678,
3143	0.028638088849509163,5.972071132231907,22.78193623269567,
3144	0.019952823226771457,5.972071132231907,25.005666048250728,
3145	0.18890168107870636,5.972071132231907,24.59251488698592,
3146	0.02546909039278828,5.972071132231907,11.847866599549604,
3147	0.02880510816106766,5.972071132231907,10.475724781116098,
3148	0.12942067490709785,5.972071132231907,24.91555027836115,
3152	0.0109858756366587,5.972071132231907,17.439471255541378,
3154	0.023220068121472315,5.972071132231907,16.336954216888685,
3156	0.0073952845088953775,5.972071132231907,16.17090517221501,
3157	0.0261203376675559,5.972071132231907,14.522981848152549,
3158	0.18099165288954217,5.972071132231907,23.98024757209028,
3159	0.010228858358612043,5.972071132231907,15.210705632431065,
3160	0.04738942833575882,5.972071132231907,15.684262533278174,
3163	0.13717016995100484,5.972071132231907,22.205452636475233,
3166	0.058928809300940035,5.972071132231907,23.518321189221428,
3169	0.02005741763057455,5.972071132231907,18.912962615649704,
3170	0.13106076252824253,5.972071132231907,7.160681067117735,
3171	0.004828022812739458,5.972071132231907,24.769651916172787,
3172	0.060362867563761614,5.972071132231907,17.092897429358366,
3173	0.031988516823887765,5.972071132231907,20.95083393705827,
3174	0.04922318868164827,5.972071132231907,10.026564387167657,
3175	0.17884586820924162,5.972071132231907,28.392129855196735,
3176	0.027491357827601624,5.972071132231907,13.798706931552974,
3177	0.02571373734924686,5.972071132231907,11.73514302052495,
3178	0.007521469259127374,5.972071132231907,15.899612216027622,
3179	0.02677368335729926,5.972071132231907,11.270559278626836,
3181	0.07244531169770647,5.972071132231907,6.8125798494407395,
3182	0.12453947072203234,5.972071132231907,32.685622173461795,
3198	0.006158658458491158,5.972071132231907,19.417937416226913,
3199	0.007523698621224947,5.972071132231907,23.478696064922712,
3201	0.00586748338573701,5.972071132231907,20.381556564028756,
3205	0.020335590323441455,5.972071132231907,23.522984602427712,
3212	0.01876050739437096,5.972071132231907,22.459031679865262,
3213	0.00867353818424581,5.972071132231907,17.93825658498656,
3214	0.02546052811532221,5.972071132231907,18.78805403772111,
3219	0.015458745199085034,5.972071132231907,30.94389433936099,
3220	0.04824927475590033,5.972071132231907,13.15703213224744,
3222	0.004421296667818537,5.972071132231907,27.04827418285474,
3223	0.005291924651648616,5.972071132231907,22.59828935350429,
3224	0.012484274033942748,5.972071132231907,24.170759514346134,
3229	0.016277704740659087,5.972071132231907,7.346763344108654,
3231	0.008746865543110882,5.972071132231907,13.672148488561923,
3233	0.0095967499477955,5.972071132231907,12.461348390385941,
3235	0.00964479838881159,5.972071132231907,12.399268465126854,
3237	0.012705551263018592,5.972071132231907,9.41229876919846,
3242	0.01838260501043868,5.972071132231907,21.356685110021825,
3243	0.008043245355800727,5.972071132231907,14.868183080931574,
3244	0.006336634629316085,5.972071132231907,18.872548523095933,
3249	0.008789429409325932,5.972071132231907,13.605939469518894,
3258	0.027604959504336488,5.972071132231907,17.03553207716853,
3260	0.022120524689218258,5.972071132231907,5.406220973283979,
3265	0.006440999200639523,5.972071132231907,18.56675350976972,
3269	0.0034809595043923357,5.972071132231907,34.35502319518484,
3276	0.01578912376312216,5.972071132231907,7.574102674032765,
3277	0.01147429861418325,5.972071132231907,10.422287979073152,
3278	0.01204196667598245,5.972071132231907,9.930972882811199,
3279	0.011253645808892532,5.972071132231907,10.626640161395526,
3281	0.007872581271889074,5.972071132231907,15.190499835411906,
3285	0.007236733333038481,5.972071132231907,16.525197075997042,
3286	0.05359512611592051,5.972071132231907,14.942218365254302,
3291	0.004101798432945496,5.972071132231907,29.155124628837875,
3295	0.03187753069446633,5.972071132231907,14.752245951305648,
3300	0.009827122115538852,5.972071132231907,12.169223411379214,
3301	0.03581446578520893,5.972071132231907,30.42047271478769,
3313	0.022507505687464728,5.972071132231907,26.942707896798417,
3316	0.004207871418470575,5.972071132231907,28.420175576173936,
3317	0.007718249418038401,5.972071132231907,15.494244619175747,
3318	0.00822139256044221,5.972071132231907,14.546008311329857,
3323	0.04779747805559822,5.972071132231907,17.45276664364199,
3325	0.010595943083505619,5.972071132231907,11.28624829073096,
3326	0.011025078478227103,5.972071132231907,10.846947234984974,
3329	0.012170102889973323,5.972071132231907,9.826411953626463,
3330	0.009225307919007724,5.972071132231907,19.14804738905872,
3342	0.03132985012379103,5.972071132231907,16.620044117086067,
3345	0.007285933602399499,5.972071132231907,21.35459392567611,
3348	0.008014665404556108,5.972071132231907,14.92120238069018,
3350	0.007270598459217744,5.972071132231907,16.448225711500033,
3351	0.0071454347754715515,5.972071132231907,16.736342612126883,
3354	0.041082030046455734,5.972071132231907,24.318595458134727,
3357	0.05236311426243785,5.972071132231907,9.135319485814723,
3364	0.03287336830512112,5.972071132231907,20.72320751860417,
3376	0.03959335075346455,5.972071132231907,13.151286297574554,
3379	0.04363340451522471,5.972071132231907,17.62737065469275,
3382	0.028648526739188544,5.972071132231907,18.175576565577,
3384	0.03389686188650261,5.972071132231907,10.345403942829313,
3391	0.019450349723859714,5.972071132231907,28.24396323589378,
3392	0.014737567718615528,5.972071132231907,20.47518227885526,
3395	0.006117519165358243,5.972071132231907,19.548519797386643,
3396	0.012791021245980732,5.972071132231907,23.591109699739185,
3398	0.02205334664216161,5.972071132231907,23.611087228077206,
3402	0.00987535174061619,5.972071132231907,19.40061148348598,
3406	0.004019346469641694,5.972071132231907,29.75320625334362,
3409	0.008320947718194254,5.972071132231907,14.371974030483388,
3411	0.048750010791369106,5.972071132231907,13.896424840770836,
3416	0.004953099048795675,5.972071132231907,24.14416577111965,
3423	0.025250844625051134,5.972071132231907,26.978964202515286,
3424	0.025516016360330348,5.972071132231907,21.52980915077522,
3426	0.010619874942261975,5.972071132231907,40.468133603043604,
3428	0.007496250512260843,5.972071132231907,15.95310139639802,
3429	0.006994634507282941,5.972071132231907,22.243929012542196,
3430	0.004542981437922836,5.972071132231907,26.323780131837086,
3431	0.007940312611327523,5.972071132231907,19.594713843724517,
3432	0.009858809661644624,5.972071132231907,35.56988527473667,
3433	0.007753477009148214,5.972071132231907,20.06688783175646,
3435	0.0289384974109748,5.972071132231907,37.975784494133954,
3436	0.013301903218916798,5.972071132231907,41.29897455160597,
3437	0.015278269332186244,5.972071132231907,24.829068107496653,
3440	0.008507749356908218,5.972071132231907,14.056413688044659,
3441	0.007280271505077264,5.972071132231907,16.426371520828145,
3445	0.012318431049411598,5.972071132231907,9.708090586796773,
3449	0.007093264269408873,5.972071132231907,16.859437344051457,
3459	0.040478534528258746,5.972071132231907,18.071822804899508,
3460	0.02719971010644508,5.972071132231907,11.094029465928909,
3461	0.015933361612200197,5.972071132231907,9.764929538129964,
3465	0.005458201428594379,5.972071132231907,21.909862814589236,
3470	0.008217669834603526,5.972071132231907,14.552597867990102,
3473	0.012128220045828217,5.972071132231907,12.828605752597468,
3475	0.0062900075420007934,5.972071132231907,19.012448509220363,
3477	0.007269830066601424,5.972071132231907,16.44996422465268,
3479	0.00563683289098641,5.972071132231907,21.21553837548138,
3480	0.0073121827706170645,5.972071132231907,24.157852552817364,
3482	0.007299016699389727,5.972071132231907,16.38418562940083,
3483	0.016417665332955605,5.972071132231907,21.35971963725209,
3487	0.007347660131302356,5.972071132231907,16.275718035110184,
3490	0.00694201602755908,5.972071132231907,17.226760070870505,
3491	0.007789438117428118,5.972071132231907,19.97424603715206,
3494	0.023752791086596156,5.972071132231907,25.758198012236146,
3495	0.0053275748036493795,5.972071132231907,22.44706999383283,
3496	0.00919700100062446,5.972071132231907,19.206982058588945,
3497	0.004995441968521362,5.972071132231907,23.939512313120854,
3498	0.0070598208969286855,5.972071132231907,16.939302888961922,
3502	0.020801786198815113,5.972071132231907,7.479557378468885,
3503	0.02521777216847156,5.972071132231907,17.042207976975334,
3507	0.005768067580913464,5.972071132231907,20.732843857553956,
3514	0.048074281627727734,5.972071132231907,12.753761354584933,
3517	0.0404598426394864,5.972071132231907,21.906061449992897,
3519	0.00637228433764533,5.972071132231907,18.76696615818117,
3523	0.016293937374017926,5.972071132231907,36.697221110470146,
3526	0.012002589123688368,5.972071132231907,9.96355397010779,
3539	0.007992283717518135,5.972071132231907,22.10214745312785,
3540	0.007992283717518135,5.972071132231907,22.10214745312785,
3543	0.04124295071914825,5.972071132231907,13.961886266073924,
3545	0.007078566060915818,5.972071132231907,21.980179616851657,
3549	0.05391301198302492,5.972071132231907,26.220741690052748,
3553	0.006809679998346397,5.972071132231907,28.134635170666648,
3557	0.00526478128344587,5.972071132231907,22.714798217909177,
3559	0.010618656180947716,5.972071132231907,11.262107226851048,
3583	0.009378217715071835,5.972071132231907,12.751724064019749,
3584	0.014276138469383004,5.972071132231907,21.136975242484283,
3585	0.04761660470467316,5.972071132231907,13.446820488886308,
3587	0.03463291136224826,5.972071132231907,17.969976802848777,
3591	0.006161126943593436,5.972071132231907,19.41015752633538,
3596	0.008961915337928334,5.972071132231907,13.344072110208337,
3598	0.007706307588953968,5.972071132231907,20.189714938409157,
3601	0.013138649907413646,5.972071132231907,26.69046904220281,
3609	0.013044954535638411,5.972071132231907,23.13188478819473,
3610	0.006995930305221259,5.972071132231907,25.249913235982675,
3618	0.024768592627333507,5.972071132231907,12.182944341077475,
3625	0.010274474751254209,5.972071132231907,29.369324728623305,
3632	0.016920324165806074,5.972071132231907,27.79291747113282,
3637	0.007535149060876869,5.972071132231907,15.870747021556765,
3638	0.04317552039871704,5.972071132231907,25.732362713261384,
3641	0.006980537026737856,5.972071132231907,27.44600618098785,
3646	0.045909590917851975,5.972071132231907,14.756194673161433,
3652	0.018793899223441633,5.972071132231907,33.7778366678272,
3655	0.0044628535806622285,5.972071132231907,26.796407803536425,
3656	0.025632901722279982,5.972071132231907,11.772150833916035,
3661	0.020988331120878962,5.972071132231907,23.51494589139967,
3665	0.003777428456161342,5.972071132231907,31.658692124224824,
3666	0.027068540575711026,5.972071132231907,18.921594601385063,
3669	0.013367881132170297,5.972071132231907,28.37736108384608,
3671	0.022323245041711,5.972071132231907,21.428505450967673,
3673	0.00700219486833154,5.972071132231907,17.078708428374966,
3675	0.009120321721099537,5.972071132231907,17.05950274634854,
3676	0.02561538356453595,5.972071132231907,16.44881986010413,
3678	0.015281912077237116,5.972071132231907,25.689946698137707,
3679	0.005458979363116049,5.972071132231907,32.35891207161235,
3683	0.07359604050663529,5.972071132231907,10.628647741962086,
3688	0.04312057693664217,5.972071132231907,18.14044350328472,
3689	0.0633925468704618,5.972071132231907,12.339406260906728,
3692	0.03962594222284158,5.972071132231907,19.740259685164045,
3694	0.005785081010396996,5.972071132231907,20.6718703333579,
3696	0.023225347881047617,5.972071132231907,15.098879483149721,
3699	0.0411084023756029,5.972071132231907,19.028382144387027,
3706	0.02818075807923999,5.972071132231907,23.151652349495144,
3711	0.024241345745812166,5.972071132231907,26.413217420679434,
3717	0.047023679151623934,5.972071132231907,31.084017801556662,
3722	0.031611419005624725,5.972071132231907,15.132309561126508,
3723	0.035923952250586,5.972071132231907,17.324168829017616,
3724	0.01564052922797467,5.972071132231907,33.29193556364899,
3735	0.029887285420926096,5.972071132231907,21.829721395138147,
3739	0.02977799680593663,5.972071132231907,16.064001254920722,
3740	0.030147654065610093,5.972071132231907,17.27177478240591,
3742	0.03278411786237023,5.972071132231907,19.90082871025346,
3743	0.046815832623599604,5.972071132231907,13.293635484355235,
3748	0.037728279756067275,5.972071132231907,18.728299763883207,
3749	0.004868454954657923,5.972071132231907,24.563941872458088,
3754	0.03491906137925497,5.972071132231907,26.76460030274369,
3755	0.04179571052071283,5.972071132231907,11.445044768949007,
3756	0.006979879243942403,5.972071132231907,17.133311384818658,
3763	0.014130905091111895,5.972071132231907,8.462900553349337,
3770	0.011675886132117947,5.972071132231907,10.242344192269464,
3771	0.034373925038992816,5.972071132231907,13.916181451986066,
3775	0.04492599725968699,5.972071132231907,11.590248920447207,
3781	0.010742642827669832,5.972071132231907,28.089399436086346,
3784	0.020435981335803786,5.972071132231907,14.765837785188866,
3788	0.030528182053531288,5.972071132231907,11.486983666280937,
3793	0.01842708266590945,5.972071132231907,21.305136240374726,
3795	0.013358397548329978,5.972071132231907,29.389116867459066,
3796	0.011733277601881007,5.972071132231907,10.192245387233157,
3798	0.03445649323258676,5.972071132231907,13.241073014117934,
3802	0.004607322502421292,5.972071132231907,33.7697552899571,
3804	0.010995248577703275,5.972071132231907,27.444071250698137,
3805	0.005060777465684724,5.972071132231907,34.905038684193215,
3806	0.017891414265383487,5.972071132231907,6.6841247282658305,
3815	0.008621109976819757,5.972071132231907,13.871583222629626,
3816	0.012888641833309207,5.972071132231907,12.071726056238148,
3822	0.015311072685382942,5.972071132231907,25.641019070116794,
3825	0.037433462692411164,5.972071132231907,31.719332700116812,
3827	0.03293452609633935,5.972071132231907,33.478072825392964,
3828	0.0255649413847169,5.972071132231907,26.647494432738515,
3830	0.005594664391798998,5.972071132231907,21.375445628194946,
3831	0.03911977566337583,5.972071132231907,30.35202623540651,
3833	0.03458452997728353,5.972071132231907,31.880857245921067,
3835	0.006255531790554621,5.972071132231907,19.11723071977147,
3837	0.014179044702434035,5.972071132231907,21.281714792381294,
3838	0.006502873718631933,5.972071132231907,23.926061027894644,
3843	0.05364910853289998,5.972071132231907,15.73588494486731,
3846	0.006287377181853614,5.972071132231907,19.02040247562201,
3849	0.02518653101432404,5.972071132231907,28.054142606833217,
3850	0.03073300208332389,5.972071132231907,19.45603039212821,
3856	0.02990375917843155,5.972071132231907,15.996442962415568,
3865	0.0205045530559856,5.972071132231907,23.329149226198435,
3866	0.00937266721157994,5.972071132231907,12.759275648573777,
3868	0.021165212789821197,5.972071132231907,28.251179353228725,
3869	0.005700190567391671,5.972071132231907,20.979727449642066,
3874	0.018253841987076854,5.972071132231907,19.211118889844276,
3877	0.007751477742335595,5.972071132231907,20.07206349815301,
3878	0.016480666720980454,5.972071132231907,25.56588498717349,
3882	0.003472266820245515,5.972071132231907,44.80881265849223,
3889	0.0242993176400847,5.972071132231907,18.775874675201432,
3895	0.03819956919696022,5.972071132231907,12.52249143421379,
3898	0.015151341149120066,5.972071132231907,19.916018154152038,
3899	0.016446705978348995,5.972071132231907,18.347405601028303,
3903	0.033406375382230416,5.972071132231907,14.319236151373614,
3927	0.027857039366489252,5.972071132231907,13.61757022427389,
3928	0.04321986167333772,5.972071132231907,11.067915526316623,
3934	0.005009905928194776,5.972071132231907,23.870397214821406,
3938	0.009052637644162618,5.972071132231907,17.187051947120313,
3940	0.03955553312023423,5.972071132231907,16.494054371929227,
3941	0.006664983849889864,5.972071132231907,23.344115597707084,
3951	0.008952647110620446,5.972071132231907,13.357886559946175,
3952	0.022367336042420687,5.972071132231907,18.837416717906315,
3963	0.01712262160872613,5.972071132231907,20.480317595259525,
3970	0.032353497728826335,5.972071132231907,21.83957168308636,
3971	0.026392110714922548,5.972071132231907,24.98542575551978,
3972	0.03585310423090983,5.972071132231907,26.51011759340913,
3976	0.009807360066230831,5.972071132231907,30.76815609377299,
3977	0.007002122771044425,5.972071132231907,25.227582975593883,
3991	0.023276899117962664,5.972071132231907,24.286579497035437,
3998	0.025486602382973247,5.972071132231907,14.884102012238301,
4008	0.030734310206579157,5.972071132231907,26.97410487163916,
4009	0.02721098172478123,5.972071132231907,23.976757641258388,
4020	0.005815343542681964,5.972071132231907,20.564295752636674,
4027	0.014978543352960172,5.972071132231907,23.411938020051952,
4028	0.008402307698789814,5.972071132231907,18.51731203215626,
4030	0.006348143555922484,5.972071132231907,18.838333358628617,
4033	0.02554047968976458,5.972071132231907,23.955270362326583,
4037	0.007861449145099198,5.972071132231907,15.212010191460548,
4041	0.005122601481714663,5.972071132231907,30.37287870314685,
4059	0.028083020842473414,5.972071132231907,10.745082841274884,
4072	0.028413183166682413,5.972071132231907,10.620224549126418,
4073	0.025414645931098594,5.972071132231907,11.87324766214369,
4080	0.06220440347438858,5.972071132231907,21.157381851118867,
4085	0.006287822102776545,5.972071132231907,19.019056608184023,
4093	0.007415729819366908,5.972071132231907,23.82053250517414,
4097	0.01101034370378023,5.972071132231907,10.861463341406772,
4102	0.01703602065940644,5.972071132231907,7.019740519560068,
4106	0.0083354258174861,5.972071132231907,14.34701083465041,
4108	0.010475192144660528,5.972071132231907,16.863331075207043,
4110	0.022072758132863697,5.972071132231907,13.670896204690878,
4113	0.03603389426456537,5.972071132231907,9.731857623698737,
4137	0.015309096110752407,5.972071132231907,22.90642935893945,
4151	0.00530849928669314,5.972071132231907,22.527731107484783,
4153	0.07601976726787826,5.972071132231907,9.604875800208783,
4154	0.02776369541615084,5.972071132231907,18.754833729237465,
4155	0.030389003173453336,5.972071132231907,25.30988561638321,
4156	0.025901886396525756,5.972071132231907,21.586811188372288,
4157	0.008666396984891885,5.972071132231907,13.799096063032442,
4159	0.0067586085942266194,5.972071132231907,17.694240293342833,
4161	0.02263586318581561,5.972071132231907,18.986089219711253,
4162	0.008104046899207016,5.972071132231907,14.756632828297132,
4163	0.012386459025428417,5.972071132231907,34.696479205945465,
4164	0.028481327492584658,5.972071132231907,22.481112789447906,
4175	0.011503907015993266,5.972071132231907,26.230600174889542,
4186	0.009464493970139053,5.972071132231907,12.635482139056275,
4218	0.03000691895841596,5.972071132231907,10.056160241036467,
4221	0.006520042084668447,5.972071132231907,18.34166757851212,
4249	0.056875151718158004,5.972071132231907,9.658962586126746,
4258	0.025722946566495025,5.972071132231907,13.6328366465968,
4282	0.004645865008326211,5.972071132231907,25.74083497918562,
4292	0.006579543784569232,5.972071132231907,18.175795834866896,
4306	0.03707781950852633,5.972071132231907,29.737036258820616,
4310	0.055642391969823034,5.972071132231907,19.29883137509183,
4311	0.016303309925396792,5.972071132231907,21.509541940553515,
4313	0.0400549645507443,5.972071132231907,29.64337805751314,
4314	0.02240088591746637,5.972071132231907,21.354234820088536,
4320	0.03130684691899353,5.972071132231907,9.638606729269654,
4331	0.014253899785140934,5.972071132231907,24.602160383906295,
4336	0.027157736884174874,5.972071132231907,17.61390428443003,
4337	0.05887488549976846,5.972071132231907,15.424578550972049,
4341	0.018554381542966764,5.972071132231907,20.445046305373864,
4346	0.031233460840591046,5.972071132231907,20.324909287542244,
4358	0.03787224583430966,5.972071132231907,29.727968747178885,
4359	0.0038097030672301973,5.972071132231907,31.390489601029007,
4363	0.038558202574172314,5.972071132231907,16.605855382452138,
4367	0.01424430620640779,5.972071132231907,24.61873000542582,
4376	0.03692031795627717,5.972071132231907,14.879475392832294,
4380	0.00873941787075298,5.972071132231907,17.803033994903195,
4384	0.055048846352319526,5.972071132231907,12.507287431807491,
4392	0.04000606854234777,5.972071132231907,12.083882412048194,
4395	0.009944245474488288,5.972071132231907,30.344623547333914,
4421	0.006190092042764162,5.972071132231907,19.31933219873352,
4431	0.018056611819037276,5.972071132231907,16.71157293570897,
4432	0.020711041666089752,5.972071132231907,5.774139535951025,
4434	0.023719885382822894,5.972071132231907,15.992707540156921,
4437	0.02930005021599123,5.972071132231907,17.028422499293946,
4439	0.020282070514799064,5.972071132231907,19.356579320804013,
4441	0.0175821540252665,5.972071132231907,19.945037912091056,
4442	0.02242936875461331,5.972071132231907,19.16088333616957,
4445	0.03224662101052101,5.972071132231907,33.560031969048104,
4446	0.00824111915493001,5.972071132231907,36.61570470135846,
4464	0.021047408060794442,5.972071132231907,14.336890533695302,
4465	0.02030591127945884,5.972071132231907,14.860420752989121,
4482	0.012421612476412313,5.972071132231907,40.16657541650604,
4489	0.010092930510084842,5.972071132231907,11.848733566074314,
4490	0.014814787678358175,5.972071132231907,28.44069311341076,
4494	0.004266630137233321,5.972071132231907,28.028781654002117,
4495	0.020697332623169556,5.972071132231907,23.11185633283488,
4497	0.03301094578252295,5.972071132231907,14.49076258556782,
4504	0.022604977073535218,5.972071132231907,20.803612036201777,
4505	0.018289195463791874,5.972071132231907,23.498382903824556,
4508	0.005986045554167077,5.972071132231907,19.977870771739866,
4512	0.04134833236993508,5.972071132231907,11.568877162441712,
4513	0.021537322432576767,5.972071132231907,14.010766023969653,
4514	0.031279187442074974,5.972071132231907,17.562955033384583,
4518	0.006650052201402939,5.972071132231907,17.983083574843015,
4520	0.010548182933964617,5.972071132231907,11.337350258671478,
4522	0.03824130281336303,5.972071132231907,16.274356991238395,
4528	0.005892737940724631,5.972071132231907,20.294207161058992,
4543	0.00713381332733007,5.972071132231907,16.763607208047798,
4545	0.005342706148426982,5.972071132231907,22.383496526401224,
4546	0.008212780889731036,5.972071132231907,18.944637089152295,
4548	0.026295834317566272,5.972071132231907,30.24410050806407,
4551	0.003646727959726052,5.972071132231907,32.79335498441773,
4554	0.008735775128561966,5.972071132231907,13.689505825750784,
4555	0.006001167502602347,5.972071132231907,25.926314068255973,
4556	0.006249240178097851,5.972071132231907,19.136477572750014,
4564	0.06767474220712788,5.972071132231907,26.229083112215864,
4566	0.03861042270479427,5.972071132231907,24.822584498514857,
4569	0.007699634535768583,5.972071132231907,20.20721278729483,
4585	0.01786986285167077,5.972071132231907,27.920395274985502,
4587	0.004737366232318473,5.972071132231907,25.243656211137193,
4591	0.03380656496363202,5.972071132231907,8.925910861107699,
4592	0.004671275667621108,5.972071132231907,25.600810790042583,
4597	0.045885889463443436,5.972071132231907,10.424855737855712,
4602	0.004227611223563474,5.972071132231907,28.28747446036349,
4604	0.03917120194311892,5.972071132231907,10.971491725863887,
4616	0.02589274168843103,5.972071132231907,16.59795332539442,
4620	0.004426782073480899,5.972071132231907,27.014757566518785,
4622	0.006894150305441337,5.972071132231907,17.346364557864426,
4636	0.021033711715335093,5.972071132231907,22.35768843319295,
4637	0.006334545753419739,5.972071132231907,18.878771923043942,
4648	0.04418795007640275,5.972071132231907,9.725875883990748,
4657	0.015916702442770436,5.972071132231907,18.958348091924442,
4659	0.015857602958994257,5.972071132231907,19.029003700365337,
4667	0.023548006504067635,5.972071132231907,18.25065395394874,
4680	0.007109681253844736,5.972071132231907,26.94746157274714,
4697	0.024957315124435886,5.972071132231907,14.051059854063173,
4714	0.021102847821268197,5.972071132231907,23.64295276894261,
4715	0.05255241362260814,5.972071132231907,8.17786450489852,
4717	0.05571038112878038,5.972071132231907,7.714298651406141,
4732	0.032536423008729644,5.972071132231907,19.67923565482925,
4733	0.009600489271880832,5.972071132231907,31.43114656348231,
4743	0.018658872979918726,5.972071132231907,33.91885333032141,
4751	0.01005998288668546,5.972071132231907,29.995516770212653,
4753	0.005626636859306114,5.972071132231907,21.253983063987118,
4754	0.007813534377215907,5.972071132231907,15.30529447257762,
4758	0.005533643729019495,5.972071132231907,21.611157199686158,
4761	0.03552925630629125,5.972071132231907,13.891072371555843,
4762	0.019680794954940187,5.972071132231907,24.30561261142132,
4769	0.008128881417016037,5.972071132231907,14.71154988982439,
4785	0.07809229418282697,5.972071132231907,19.55352961839134,
4791	0.04159766247290214,5.972071132231907,14.708256661065601,
4809	0.029762265346450933,5.972071132231907,21.513548390910778,
4811	0.06841976236112371,5.972071132231907,17.567221559725557,
4818	0.02674413884595484,5.972071132231907,17.886303268723278,
4831	0.02652690763922089,5.972071132231907,19.084956638907865,
4834	0.009049728709477203,5.972071132231907,13.214588895870492,
4839	0.018252101674031455,5.972071132231907,19.212950643875555,
4841	0.010075442898041352,5.972071132231907,15.44231405241013,
4845	0.006157714205326538,5.972071132231907,19.42091505504617,
4846	0.009502474529478624,5.972071132231907,18.589540299616118,
4849	0.0338142825149689,5.972071132231907,21.633488839305375,
4851	0.006750963776091173,5.972071132231907,17.71427732117678,
4853	0.007405801982967021,5.972071132231907,16.147939789633227,
4855	0.026785486398314105,5.972071132231907,25.43323735444311,
4856	0.008182987922031242,5.972071132231907,21.587057795384112,
4861	0.005399706222719292,5.972071132231907,22.147213122767464,
4865	0.03320388939742739,5.972071132231907,16.544897977178962,
4871	0.021096618771118125,5.972071132231907,30.769273083495378,
4879	0.006962525611310454,5.972071132231907,22.346510754076164,
4881	0.016422118958772918,5.972071132231907,31.188420477926986,
4885	0.01677363886357383,5.972071132231907,7.129546873374024,
4889	0.029300830739026264,5.972071132231907,19.082705744576156,
4892	0.047840926216627166,5.972071132231907,8.983239916072252,
4893	0.008766597895772362,5.972071132231907,13.641374446131335,
4896	0.02204350421674947,5.972071132231907,15.908393019641021,
4900	0.017713869794524613,5.972071132231907,8.783408439457556,
4905	0.018132909548358292,5.972071132231907,10.565754043581363,
4910	0.021432120611059088,5.972071132231907,14.079539344786962,
4914	0.004862910526678348,5.972071132231907,24.59194835249904,
4916	0.0210632021677311,5.972071132231907,5.677600374462898,
4917	0.02319919722081098,5.972071132231907,24.101658593724572,
4918	0.015867301714282207,5.972071132231907,7.5367851868132,
4921	0.017619401827968586,5.972071132231907,24.391663361061,
4923	0.02018522831468824,5.972071132231907,21.291139803375085,
4929	0.006327903900625469,5.972071132231907,18.8985873352276,
4930	0.06283656212742003,5.972071132231907,14.522592797333667,
4933	0.026487672164418205,5.972071132231907,33.38982783495085,
4934	0.011441410015146763,5.972071132231907,30.64978251333706,
4937	0.007785693620505777,5.972071132231907,15.360024468459507,
4938	0.010065590684092037,5.972071132231907,29.978805502445848,
4939	0.004195839503230844,5.972071132231907,28.501672769612224,
4940	0.06601403703874173,5.972071132231907,17.054932421222716,
4942	0.02612551409186027,5.972071132231907,18.309832157853247,
4943	0.039555533120234236,5.972071132231907,16.494054371929224,
4946	0.018398055598471234,5.972071132231907,16.401428062360022,
4948	0.023748408199805754,5.972071132231907,12.70629942212692,
4949	0.01902619203029809,5.972071132231907,25.141855884658426,
4950	0.01770289280783999,5.972071132231907,26.564312297976436,
4957	0.010884689881390875,5.972071132231907,27.72282799728852,
4958	0.010884689881390873,5.972071132231907,27.722827997288526,
4959	0.03577958352627886,5.972071132231907,20.445204535693435,
4965	0.005871659887983791,5.972071132231907,26.498154936917775,
4966	0.12558553887807358,5.972071132231907,32.413366396072895,
4967	0.004607785592314119,5.972071132231907,25.9535610151596,
4975	0.015299158981554649,5.972071132231907,34.03477876574031,
4979	0.014347774979992824,5.972071132231907,21.031441168153652,
4983	0.026508305456719693,5.972071132231907,24.154389528950034,
4984	0.010527419260009253,5.972071132231907,28.663661808540983,
4985	0.028003637599365347,5.972071132231907,17.08184432691103,
4986	0.007376610105366827,5.972071132231907,16.211842947737154,
4989	0.05130888479199163,5.972071132231907,22.166541379979776,
4990	0.009271946903993461,5.972071132231907,12.897878488000254,
4992	0.006083606819888635,5.972071132231907,19.65749070501025,
4993	0.017428210397944708,5.972071132231907,24.65924545309337,
4995	0.013676073728544059,5.972071132231907,28.70644853942618,
4996	0.006320907024960946,5.972071132231907,18.919506969909385,
4997	0.006391772224045082,5.972071132231907,24.341942734344595,
4998	0.0437949677480144,5.972071132231907,23.475929825426267,
4999	0.004417426461747966,5.972071132231907,27.07197178050519,
5000	0.006986666414409578,5.972071132231907,22.26929757627881,
5001	0.007037525886773186,5.972071132231907,25.100672601975152,
5004	0.005412746009263639,5.972071132231907,28.744772650037266,
5014	0.01851551169697239,5.972071132231907,29.669985443383645,
5021	0.02714965134413513,5.972071132231907,31.7091923405516,
5029	0.01949578138260833,5.972071132231907,26.70852124468359,
5030	0.006713165112484735,5.972071132231907,17.814018054240098,
5032	0.0062230434708965285,5.972071132231907,19.21703505273268,
5036	0.015637704490721896,5.972071132231907,7.6474424098403695,
5043	0.030036189936943663,5.972071132231907,12.629604174494375,
5046	0.07614177197554702,5.972071132231907,25.25150828846851,
5056	0.013947439041419133,5.972071132231907,25.142732480764,
5066	0.00935882592835804,5.972071132231907,12.778146044209953,
5073	0.006900594619179813,5.972071132231907,22.547064714717674,
5081	0.01585610822946763,5.972071132231907,22.116191661611705,
5096	0.01999231588990372,5.972071132231907,26.75694732956651,
5103	0.029646329925604363,5.972071132231907,26.040982490852127,
5105	0.03174514539718452,5.972071132231907,12.366977747239027,
5108	0.02110156143698863,5.972071132231907,21.12297792222458,
5111	0.004113563382875936,5.972071132231907,29.071739847919734,
5115	0.016337612646659515,5.972071132231907,21.464380151151776,
5116	0.02060743224696937,5.972071132231907,22.82017320203598,
5117	0.011702363095851437,5.972071132231907,29.966317549528256,
5119	0.021362861371084237,5.972071132231907,23.69836480538608,
5121	0.024625509306070888,5.972071132231907,22.30836957311331,
5131	0.026512959655195983,5.972071132231907,17.737181334747756,
5133	0.02783026674591495,5.972071132231907,22.909607719592472,
5135	0.005849024927414389,5.972071132231907,20.445877047708688,
5148	0.010525817912396285,5.972071132231907,40.829750389747424,
5154	0.010402522983052937,5.972071132231907,29.00780761332834,
5155	0.008734840811272359,5.972071132231907,20.223222956033172,
5157	0.00818947482313587,5.972071132231907,14.602700062896785,
5160	0.0037739168194667874,5.972071132231907,31.688150596757016,
5163	0.010283560384182724,5.972071132231907,29.343376623699147,
5164	0.005009510790802747,5.972071132231907,23.872280050670263,
5165	0.005009510790802746,5.972071132231907,23.872280050670266,
5166	0.006285911007616913,5.972071132231907,19.024838940606585,
5169	0.006621475225226641,5.972071132231907,26.677836464422068,
5170	0.0038149740101039334,5.972071132231907,31.347119062454585,
5171	0.003800404127871991,5.972071132231907,31.467296764005074,
5174	0.005072863188680998,5.972071132231907,23.57415133562712,
5188	0.026814398071350207,5.972071132231907,37.52746913637005,
5192	0.012361600277508992,5.972071132231907,28.368230709432893,
5195	0.0074604770488849665,5.972071132231907,16.029597535290502,
5198	0.009560340403411237,5.972071132231907,16.274331967632047,
5199	0.005099396432159973,5.972071132231907,37.570693891180774,
5202	0.0031668199906259398,5.972071132231907,37.76294354238319,
5204	0.01423930171965279,5.972071132231907,33.02585915965333,
5210	0.036737693704510105,5.972071132231907,24.719033899484508,
5217	0.028797519798224015,5.972071132231907,27.089421898525018,
5224	0.02963140839306763,5.972071132231907,27.269013228325303,
5225	0.0051496255418260785,5.972071132231907,30.21348876437093,
5226	0.0051496255418260785,5.972071132231907,30.21348876437093,
5241	0.010773335578481154,5.972071132231907,28.00937399447163,
5242	0.010821831868583761,5.972071132231907,27.883854512804977,
5250	0.022215062012906656,5.972071132231907,21.532858102384505,
5255	0.03418213543759538,5.972071132231907,13.039788493370157,
5266	0.0073200726854890374,5.972071132231907,16.33705697375987,
5270	0.023247809224028804,5.972071132231907,16.31745968654288,
5273	0.006888727474926051,5.972071132231907,17.36001967710032,
5274	0.05254062047712345,5.972071132231907,14.54474394163554,
5277	0.023524924777782487,5.972071132231907,18.268560774185964,
5298	0.03660150564014841,5.972071132231907,10.726102651886876,
5310	0.01674048306358362,5.972071132231907,25.67228892850556,
5316	0.031055901067281365,5.972071132231907,12.641446334444286,
5319	0.007117761936734408,5.972071132231907,16.801411114595997,
5337	0.017885764933542932,5.972071132231907,19.606470839416335,
5338	0.029132133008503657,5.972071132231907,21.001864023249823,
5340	0.05359560314195736,5.972071132231907,20.89385802712469,
5341	0.017991861348970167,5.972071132231907,19.490853214597333,
5342	0.03436780090405316,5.972071132231907,16.269272876244113,
5347	0.02783706212301021,5.972071132231907,23.001419220339766,
5351	0.014268848228458076,5.972071132231907,21.1477745473388,
5352	0.028063786664732793,5.972071132231907,10.75244723709487,
5353	0.03827409485361391,5.972071132231907,17.799026621741415,
5354	0.006557632514892447,5.972071132231907,18.236527320387548,
5362	0.018095712531776633,5.972071132231907,23.74963225440221,
5364	0.007134722898062669,5.972071132231907,42.29377786592988,
5376	0.0029577589983614573,5.972071132231907,40.432112481492766,
5380	0.031825237090171175,5.972071132231907,21.36440603215849,
5381	0.031825237090171175,5.972071132231907,21.36440603215849,
5382	0.14906401003989847,5.972071132231907,15.545049427450387,
5383	0.022228993730527485,5.972071132231907,22.202510677775837,
5384	0.024725665138797967,5.972071132231907,32.3584521483945,
5388	0.0071703017241019126,5.972071132231907,16.67830017709281,
5390	0.0035810590873141413,5.972071132231907,33.39471413318436,
5395	0.026606896806133814,5.972071132231907,11.341209295631241,
5397	0.0073300676007393446,5.972071132231907,21.226018902334058,
5399	0.0016596400920103997,5.972071132231907,72.05685442922432,
5400	0.010657013175899918,5.972071132231907,35.59582629318616,
5401	0.012327008366212578,5.972071132231907,31.84807660112512,
5402	0.01747498280624119,5.972071132231907,17.267792977619095,
5406	0.00663076629453402,5.972071132231907,18.035388249692783,
5407	0.009385393642851713,5.972071132231907,12.741974291720956,
5423	0.00450618491926785,5.972071132231907,26.538734352323953,
5424	0.04821896165568411,5.972071132231907,19.462972421086345,
5425	0.05086319045006888,5.972071132231907,20.754436069786127,
5426	0.01674913900330553,5.972071132231907,22.648638221861074,
5427	0.1717257181124953,5.972071132231907,17.809098549861336,
5430	0.03607741836813963,5.972071132231907,13.680010737522695,
5431	0.020324485354649542,5.972071132231907,18.664442577226122,
5434	0.06303307004251134,5.972071132231907,18.043552648399352,
5436	0.07591175843848898,5.972071132231907,25.328020660951456,
5438	0.027303630354829796,5.972071132231907,24.9024499097005,
5439	0.00933636126033355,5.972071132231907,48.985094522570655,
5442	0.0060599173076210855,5.972071132231907,19.734336038628904,
5443	0.01928505225090599,5.972071132231907,15.647060814753559,
5445	0.01418583768332878,5.972071132231907,24.720198865822393,
5447	0.006679746771595314,5.972071132231907,17.903140433920473,
5448	0.013458056803896792,5.972071132231907,8.886011276179998,
5449	0.018279289614304445,5.972071132231907,19.184374010669586,
5452	0.021624768949976732,5.972071132231907,5.530160566872854,
5458	0.01895729276140926,5.972071132231907,6.308308154545153,
5459	0.010462904790839764,5.972071132231907,11.429755589441767,
5460	0.013067454621106108,5.972071132231907,9.151625009031417,
5461	0.0138996016703017,5.972071132231907,8.603731772430143,
5463	0.029919314113713246,5.972071132231907,29.623533338666913,
5464	0.007622370755457284,5.972071132231907,15.689140341182922,
5465	0.019843274952993085,5.972071132231907,19.784612552104527,
5468	0.03386300050703889,5.972071132231907,8.911035078622234,
5478	0.011652211711780259,5.972071132231907,30.095293261418718,
5480	0.030996264996063186,5.972071132231907,25.657731863657904,
5481	0.025308194063017483,5.972071132231907,23.62642791048666,
5487	0.016885843883648527,5.972071132231907,25.451290499448397,
5488	0.006104525522308627,5.972071132231907,25.487345884637897,
5489	0.005340064823103716,5.972071132231907,22.39456794559873,
5493	0.037485733048909294,5.972071132231907,20.38615252307701,
5496	0.01803760036759475,5.972071132231907,19.44142909608803,
5497	0.004688285103699141,5.972071132231907,25.507929204335376,
5500	0.03264678466774461,5.972071132231907,13.653038756933405,
5503	0.0352478878919174,5.972071132231907,13.571133099560312,
5514	0.06321595942753912,5.972071132231907,20.81883007149888,
5515	0.007507043810729065,5.972071132231907,15.930164726624087,
5518	0.03678031685482817,5.972071132231907,21.219046309515093,
5545	0.009078009208360514,5.972071132231907,13.173421811993894,
5546	0.022398601124786168,5.972071132231907,23.247143352309347,
5547	0.03225036269897829,5.972071132231907,10.87357472172784,
5552	0.023371337218772315,5.972071132231907,18.028186661142055,
5566	0.03652410659783081,5.972071132231907,9.601240421059105,
5571	0.006199662622193798,5.972071132231907,19.28950844628067,
5581	0.015323097670273214,5.972071132231907,22.88549849097921,
5586	0.021166385882265167,5.972071132231907,21.55497614193152,
5588	0.027449537787760835,5.972071132231907,21.783325722923426,
5591	0.005441789369331535,5.972071132231907,21.975941441038902,
5592	0.02364200223621245,5.972071132231907,20.2332176979028,
5597	0.03064889826172604,5.972071132231907,20.30587228552699,
5603	0.027413935479760863,5.972071132231907,29.074238759056076,
5625	0.017485546128803348,5.972071132231907,20.055234536398427,
5631	0.009786860498488462,5.972071132231907,30.83260310415487,
5639	0.024758739492895376,5.972071132231907,15.856683932657562,
5645	0.015666717563649776,5.972071132231907,22.38354825670769,
5654	0.008857483605227322,5.972071132231907,13.501401734948924,
5661	0.07292636791350528,5.972071132231907,11.652148486148313,
5665	0.026181797420841965,5.972071132231907,13.39391344961707,
5670	0.018908758423903677,5.972071132231907,20.06187721632622,
5673	0.014935696405362093,5.972071132231907,23.47910128142854,
5680	0.030169025742943556,5.972071132231907,15.855791371435878,
5686	0.011249702091278914,5.972071132231907,26.823322336646992,
5703	0.01869600767813976,5.972071132231907,16.140043937746732,
5708	0.015463208876644133,5.972071132231907,19.51434451884049,
5720	0.015934498642912465,5.972071132231907,23.806534382696714,
5721	0.0102537912090751,5.972071132231907,11.66285153232458,
5723	0.025694532060031024,5.972071132231907,32.85134345293573,
5751	0.035540044284707376,5.972071132231907,21.72252663294747,
5753	0.04392017582604601,5.972071132231907,9.785172985491737,
5766	0.014500716205054496,5.972071132231907,24.18340747113786,
5773	0.0384651831486171,5.972071132231907,12.436019769134756,
5778	0.015310635654120174,5.972071132231907,27.51961704392974,
5785	0.0029421978086606724,5.972071132231907,40.64595662564784,
5790	0.00791880843106854,5.972071132231907,38.10603426163552,
5793	0.030904477700643276,5.972071132231907,11.347117139690907,
5794	0.03550394421656209,5.972071132231907,12.104754203917226,
5803	0.005811393899955022,5.972071132231907,20.5782720245178,
5810	0.016350770485272306,5.972071132231907,18.45505602671302,
5811	0.017082536132857675,5.972071132231907,22.206608366767753,
5822	0.016549444459944666,5.972071132231907,40.86491521359759,
5825	0.004712180680796218,5.972071132231907,25.378577906034568,
5827	0.012630220521311209,5.972071132231907,23.89145817972617,
5828	0.01534657618680894,5.972071132231907,19.662651897886985,
5830	0.004950006023118514,5.972071132231907,24.159252323405628,
5831	0.05129013629912851,5.972071132231907,35.55591902954097,
5833	0.005180113652469139,5.972071132231907,23.08606577732037,
5839	0.005704369940391493,5.972071132231907,20.96435640825399,
5841	0.01921155329751698,5.972071132231907,18.253429234974373,
5845	0.17480244321470695,5.972071132231907,27.51990223386609,
5846	0.012455205492190863,5.972071132231907,30.456758826770916,
5847	0.16370552186457296,5.972071132231907,32.38296203316783,
5848	0.15141433195843473,5.972071132231907,30.719883895685705,
5849	0.19185846807760165,5.972071132231907,25.159381030744466,
5850	0.10723047072584285,5.972071132231907,20.54465590020515,
5851	0.032069154450732516,5.972071132231907,11.828973863227777,
5852	0.040691041585495594,5.972071132231907,27.951990905317405,
5853	0.020914039379567515,5.972071132231907,18.138303315242883,
5854	0.016909833196799295,5.972071132231907,22.433408147712086,
5855	0.017567495402510958,5.972071132231907,21.593584123511942,
5856	0.06571289733979341,5.972071132231907,15.703383203733472,
5857	0.05180922736992895,5.972071132231907,20.82436270308504,
5858	0.04950909474520609,5.972071132231907,23.984388819011365,
5860	0.034368088020467875,5.972071132231907,17.39818119117902,
5862	0.027468726108433185,5.972071132231907,23.462904549638843,
5863	0.019878365772356864,5.972071132231907,26.91032801127421,
5864	0.030354585118031713,5.972071132231907,20.198856706129924,
5865	0.025464105182753174,5.972071132231907,25.144882616478846,
5866	0.035441063898232913,5.972071132231907,19.18473128279956,
5867	0.02462980233377586,5.972071132231907,12.251595903870404,
5869	0.029730460724161318,5.972071132231907,20.622886434950882,
5870	0.03946366615626943,5.972071132231907,25.868423588365765,
5872	0.05283433674759182,5.972071132231907,19.980128444584413,
5874	0.027675981237650624,5.972071132231907,20.629189162019287,
5875	0.1717257181124953,5.972071132231907,17.809098549861336,
5877	0.014555935243517929,5.972071132231907,24.09166589047094,
5878	0.02976722635293875,5.972071132231907,11.780631640056864,
5879	0.011286720636413039,5.972071132231907,31.069851014015274,
5881	0.11372940315596389,5.972071132231907,24.265636209026646,
5883	0.020829289680795893,5.972071132231907,20.632797594020072,
5884	0.10281923829813555,5.972071132231907,25.687615834555686,
5885	0.04635056899821271,5.972071132231907,10.647970053555968,
5886	0.0186298765517058,5.972071132231907,20.362195571220564,
5889	0.07203524806616032,5.972071132231907,10.155041081066837,
5890	0.05785237840798096,5.972071132231907,6.557123496951986,
5892	0.10053836461899325,5.972071132231907,19.598151669511402,
5893	0.008405146062865824,5.972071132231907,18.51105885429793,
5895	0.06725095849532997,5.972071132231907,34.3072202035364,
5896	0.01145527489848026,5.972071132231907,15.420549465404259,
5900	0.025330468949235827,5.972071132231907,28.263471854101116,
5901	0.025012868513193842,5.972071132231907,15.166001037163404,
5902	0.023351470777677845,5.972071132231907,22.182416443798154,
5903	0.030375030178017758,5.972071132231907,12.48871812111185,
5905	0.3030609217911675,5.972071132231907,26.489238056962225,
5906	0.03807381628729348,5.972071132231907,12.563851609990412,
5907	0.00909589191698486,5.972071132231907,17.105321266862052,
5908	0.04436149665277926,5.972071132231907,29.138786679810885,
5909	0.03910355185300926,5.972071132231907,16.481778975091807,
5910	0.15972742513907107,5.972071132231907,34.81609293695025,
5914	0.28149430222366284,5.972071132231907,18.48740288846604,
5916	0.034065569386618984,5.972071132231907,19.05524069595933,
5923	0.08454328105269895,5.972071132231907,5.83771370726205,
5926	0.01929442750308706,5.972071132231907,24.373108403958668,
5927	0.015463267250828408,5.972071132231907,30.934845159192644,
5930	0.015556669628259856,5.972071132231907,30.74911208441592,
5934	0.01000696393929966,5.972071132231907,37.90811999669085,
5937	0.024843663078938236,5.972071132231907,22.112478372470694,
5938	0.02054552268699152,5.972071132231907,20.507768837017654,
5944	0.02439310477953099,5.972071132231907,19.278610794952044,
5951	0.006877759908766991,5.972071132231907,17.387702696987137,
5953	0.015476666474126393,5.972071132231907,22.658414794711746,
5961	0.015952657970469825,5.972071132231907,29.98583552315096,
5970	0.017395387914556592,5.972071132231907,6.874721340064242,
5971	0.012599941996336907,5.972071132231907,30.10689969238065,
5980	0.005319151678632075,5.972071132231907,22.48261597715002,
5984	0.026403276484823428,5.972071132231907,13.281561052157041,
5990	0.008525787293249406,5.972071132231907,14.026674652039022,
5994	0.01053056712037804,5.972071132231907,11.356315680613095,
5997	0.01809791901918251,5.972071132231907,25.20958029592014,
6000	0.005838411019712888,5.972071132231907,20.483046519184384,
6002	0.02207852569798832,5.972071132231907,15.883158749232814,
6008	0.0234819259342562,5.972071132231907,5.09278688850808,
6013	0.01312312746929082,5.972071132231907,9.1128006486826,
6014	0.029543510659569016,5.972071132231907,10.213897355082581,
6022	0.015292987926726193,5.972071132231907,7.819822070604251,
6024	0.013404628342185873,5.972071132231907,8.921429334861864,
6026	0.013805228434543666,5.972071132231907,25.401733138489455,
6031	0.017136902326613374,5.972071132231907,6.978416649383513,
6034	0.01957411599769568,5.972071132231907,17.915329032046575,
6035	0.025704334911267147,5.972071132231907,13.642707730844666,
6041	0.00820841930697124,5.972071132231907,18.95470341245141,
6042	0.014446152777811248,5.972071132231907,8.278220946034935,
6046	0.01211758795104193,5.972071132231907,9.868997443886101,
6047	0.011315292910854001,5.972071132231907,10.568744923976706,
6048	0.015889843686730593,5.972071132231907,7.526093199693626,
6051	0.013067454621106108,5.972071132231907,9.151625009031417,
6054	0.007317179878489724,5.972071132231907,16.343515739779935,
6055	0.019424491190833604,5.972071132231907,8.00989595661078,
6059	0.027548075188432514,5.972071132231907,39.12809349208933,
6060	0.0060836548857683085,5.972071132231907,19.657335394658062,
6065	0.029919314113713246,5.972071132231907,29.62353333866691,
6066	0.0138996016703017,5.972071132231907,8.603731772430143,
6069	0.018737740801455734,5.972071132231907,34.17124521779354,
6072	0.034565233378451896,5.972071132231907,17.29894938152649,
6075	0.014623692519825718,5.972071132231907,32.15775854747437,
6077	0.007215068367123944,5.972071132231907,26.553852664161532,
6078	0.009371348801564414,5.972071132231907,20.44400079852741,
6079	0.005079583698539098,5.972071132231907,23.542961709498318,
6080	0.005888809013451553,5.972071132231907,29.99700496455434,
6081	0.006319463610350049,5.972071132231907,27.952789050403876,
6084	0.004921741562468956,5.972071132231907,24.29799350433734,
6087	0.003982558530712984,5.972071132231907,30.02804443240369,
6088	0.03884625472439205,5.972071132231907,19.79964863467407,
6100	0.007148235294968649,5.972071132231907,16.729785685576307,
6101	0.02695182758040707,5.972071132231907,25.13561868589232,
6105	0.025558739397802253,5.972071132231907,14.842093105974891,
6107	0.006163232045489154,5.972071132231907,25.244571728003354,
6108	0.006675537793556937,5.972071132231907,17.91442850197352,
6109	0.007603419355016506,5.972071132231907,15.72824527112226,
6111	0.04330240852547347,5.972071132231907,20.42980154897985,
6113	0.005463235690927729,5.972071132231907,21.8896733145683,
6115	0.014278608480300412,5.972071132231907,21.133318824586002,
6119	0.005078165453755241,5.972071132231907,23.549536856162028,
6124	0.02997366609021701,5.972071132231907,15.959134815868232,
6135	0.007759097885528896,5.972071132231907,15.41267377718436,
6136	0.006797881356946868,5.972071132231907,22.887741824102545,
6139	0.02343636856305941,5.972071132231907,14.962929417439872,
6143	0.06641945268341677,5.972071132231907,17.83927616682924,
6146	0.03947771218800412,5.972071132231907,13.189809195613032,
6148	0.008312901420781142,5.972071132231907,14.385885079298872,
6150	0.012197603042367852,5.972071132231907,9.804257779131891,
6155	0.006065194847092223,5.972071132231907,25.652622441844862,
6156	0.0031155039603761024,5.972071132231907,38.38494382798382,
6159	0.009671071518441628,5.972071132231907,16.087995332470758,
6162	0.039199732379243686,5.972071132231907,17.282027703529405,
6167	0.012597515974691572,5.972071132231907,36.21673857129695,
6168	0.026335817470276073,5.972071132231907,40.17618843945481,
6169	0.016744213459231157,5.972071132231907,25.66656947234153,
6173	0.005461757666970434,5.972071132231907,21.895596950062412,
6180	0.007093264269408873,5.972071132231907,16.859437344051457,
6183	0.007125607520984889,5.972071132231907,16.782912076298096,
6192	0.02719971010644508,5.972071132231907,11.094029465928909,
6194	0.005455304039789941,5.972071132231907,21.921499451294128,
6201	0.008591574609552604,5.972071132231907,13.919269743864245,
6204	0.009114333169825588,5.972071132231907,13.120920893128408,
6206	0.005842451466035718,5.972071132231907,20.46888112123972,
6209	0.019370616867993778,5.972071132231907,19.58353687952626,
6227	0.00795031325832993,5.972071132231907,19.570065781453646,
6231	0.02208368564439433,5.972071132231907,28.993889247673177,
6233	0.043987351941387705,5.972071132231907,8.925099815805437,
6234	0.13105100474561335,5.972071132231907,18.886725810377925,
6236	0.0048549887895849185,5.972071132231907,24.632074284382057,
6237	0.008616832861468141,5.972071132231907,13.878468625016623,
6240	0.08519471840065067,5.972071132231907,16.018241538865166,
6241	0.006173024635850111,5.972071132231907,19.372747003208556,
6242	0.02976149261711251,5.972071132231907,21.514106970086534,
6244	0.02568313738707817,5.972071132231907,18.62520808303829,
6245	0.02089474486923398,5.972071132231907,26.291537224503585,
6251	0.0516669844795386,5.972071132231907,16.143875340248698,
6252	0.029646329925604363,5.972071132231907,26.04098249085213,
6254	0.023303508341620063,5.972071132231907,20.18001608303626,
6258	0.01147470582449114,5.972071132231907,10.42191811659809,
6259	0.015920550308230596,5.972071132231907,18.953766015840873,
6261	0.04939688464682279,5.972071132231907,17.19967502025938,
6264	0.02285535960177575,5.972071132231907,23.405159777956314,
6271	0.008795418992751257,5.972071132231907,13.596673974651647,
6280	0.03590968499844925,5.972071132231907,13.321024065798651,
6282	0.034800108348658924,5.972071132231907,8.671076031211683,
6298	0.011084589919297618,5.972071132231907,31.63641877266539,
6299	0.018075742061712995,5.972071132231907,23.7758713608433,
6301	0.011302560799177856,5.972071132231907,31.02630765195024,
6307	0.021943667131183606,5.972071132231907,21.43056446826885,
6314	0.027885792713579875,5.972071132231907,16.361053364674863,
6321	0.008190837566965538,5.972071132231907,14.600270550744396,
6327	0.04436041713595255,5.972071132231907,29.838639463703963,
6329	0.05915099890526872,5.972071132231907,29.150356592443607,
6330	0.02282691548242283,5.972071132231907,20.955690593761258,
6333	0.027449537787760832,5.972071132231907,21.78332572292343,
6337	0.024256485354555,5.972071132231907,12.440152848811673,
6347	0.013531011578533357,5.972071132231907,31.761595614394963,
6349	0.025329593170535587,5.972071132231907,16.966972786242554,
6357	0.017277797575923754,5.972071132231907,17.46486402908866,
6361	0.039612660719170696,5.972071132231907,9.910758317727753,
6362	0.00659999716456817,5.972071132231907,26.764652894116264,
6371	0.04451559533951112,5.972071132231907,21.162163820450687,
6377	0.014899697426496994,5.972071132231907,28.8439762036237,
6380	0.020308817808293484,5.972071132231907,31.527779794869403,
6384	0.020973265732574558,5.972071132231907,24.827010627647393,
6388	0.013754388055630076,5.972071132231907,30.633338844039365,
6390	0.07644310946484546,5.972071132231907,10.232791355876602,
6391	0.00955671809450321,5.972071132231907,16.280500472036554,
6392	0.056520356614362464,5.972071132231907,13.839728490839473,
6393	0.04136475049044426,5.972071132231907,18.910458312299085,
6394	0.04680638868533523,5.972071132231907,16.711957741642145,
6396	0.04422306378604332,5.972071132231907,17.688199839176857,
6397	0.0083354258174861,5.972071132231907,14.347010834650408,
6399	0.016887703901015582,5.972071132231907,27.08139256318927,
6401	0.02553548137077162,5.972071132231907,28.588531691409226,
6405	0.03432644291156635,5.972071132231907,26.93930012343635,
6408	0.022072758132863697,5.972071132231907,13.670896204690878,
6410	0.02223891686728486,5.972071132231907,18.9461938463537,
6412	0.06628512637329377,5.972071132231907,14.662312676972052,
6413	0.00603348981135047,5.972071132231907,19.820775082759354,
6415	0.005187662846654723,5.972071132231907,29.991955539094292,
6418	0.027294008588094172,5.972071132231907,17.525962759030286,
6423	0.019071413136629117,5.972071132231907,22.534592215699547,
6429	0.038726322757241,5.972071132231907,28.18212232166212,
6432	0.005678053869218275,5.972071132231907,27.401669133882372,
6433	0.044543824466376246,5.972071132231907,17.893373885432045,
6445	0.03967086167541064,5.972071132231907,13.818193933970148,
6449	0.030025579001895952,5.972071132231907,15.931542170406967,
6464	0.02660008218944037,5.972071132231907,16.1565860943723,
6466	0.048265949146556235,5.972071132231907,20.84857987517134,
6472	0.01769106771399027,5.972071132231907,25.851607502052282,
6477	0.03388353357672566,5.972071132231907,23.03311267267939,
6486	0.006564922333966986,5.972071132231907,18.216277121230483,
6493	0.007620044604937662,5.972071132231907,20.418273319274437,
6497	0.01575880063739307,5.972071132231907,31.660634956224982,
6498	0.004429145526768672,5.972071132231907,27.000342118391575,
6499	0.03417173915809281,5.972071132231907,28.230926638242654,
6502	0.04689402481473629,5.972071132231907,26.98763934571126,
6504	0.013219653133647901,5.972071132231907,28.69554790722797,
6506	0.004717270840851445,5.972071132231907,25.35119321096956,
6510	0.024003937630889084,5.972071132231907,15.803456734755692,
6514	0.041835393074932524,5.972071132231907,27.9930204455929,
6524	0.023879193167138085,5.972071132231907,17.997530946837262,
6525	0.02126441839009523,5.972071132231907,14.190577886963531,
6526	0.007142214369602337,5.972071132231907,16.743888985448677,
6528	0.031849873425141235,5.972071132231907,15.495806343414376,
6530	0.0105998585711027,5.972071132231907,28.467774674679887,
6535	0.00710716070533439,5.972071132231907,16.82647254973971,
6537	0.02161823340273147,5.972071132231907,22.127329701193396,
6546	0.010087983367963009,5.972071132231907,11.854544179234251,
6547	0.01016032810569025,5.972071132231907,11.770136089199994,
6548	0.010295962017285052,5.972071132231907,11.615082137456463,
6549	0.007514225953028437,5.972071132231907,23.5082940433306,
6550	0.008549160569391466,5.972071132231907,18.199231630498506,
6553	0.02276132035871301,5.972071132231907,16.666220756754857,
6558	0.022287391727404307,5.972071132231907,22.980703955365758,
6559	0.012291519653883805,5.972071132231907,24.54980294403869,
6567	0.00772964694847303,5.972071132231907,20.12875290240983,
6568	0.014657665189663601,5.972071132231907,20.58679752068695,
6572	0.014942372245585162,5.972071132231907,42.850755236885384,
6580	0.028291697760921407,5.972071132231907,27.186144883054933,
6582	0.009653176210445006,5.972071132231907,12.38850735838633,
6587	0.00449243299331568,5.972071132231907,26.619972895051355,
6589	0.004259231507632787,5.972071132231907,28.077469914605132,
6590	0.025714563263360486,5.972071132231907,22.136799839519288,
6593	0.02438602480064553,5.972071132231907,12.374070306761853,
6599	0.040870552673429844,5.972071132231907,15.227408808672992,
6604	0.031046374200850307,5.972071132231907,30.816957576670323,
6617	0.009288436828874636,5.972071132231907,19.01790758404939,
6620	0.024041716751546222,5.972071132231907,19.896822801925175,
6627	0.04919720241951869,5.972071132231907,20.142784866381003,
6632	0.008443811171820291,5.972071132231907,18.426294748031243,
6634	0.005772495340620617,5.972071132231907,26.953361461172197,
6636	0.03111102028520143,5.972071132231907,31.596392840762523,
6637	0.01654227404101697,5.972071132231907,21.198822346955037,
6640	0.00875067028839137,5.972071132231907,13.66620391052143,
6641	0.015310978057063907,5.972071132231907,28.06917470649725,
6644	0.011912494756399987,5.972071132231907,32.95627949795559,
6645	0.013283703297938715,5.972071132231907,34.428843265813796,
6646	0.019836645299944902,5.972071132231907,28.187181986160894,
6649	0.019315128283593365,5.972071132231907,19.639796549306514,
6650	0.05457388170932949,5.972071132231907,16.640199810368618,
6654	0.0332281109252518,5.972071132231907,12.93382338158954,
6662	0.040444038433853184,5.972071132231907,18.948440343889644,
6663	0.006889800594604569,5.972071132231907,17.357315770292107,
6665	0.0058361634726750095,5.972071132231907,26.65932066110647,
6669	0.027069193541577916,5.972071132231907,11.147520332371018,
6672	0.017120443665684503,5.972071132231907,25.102533929799872,
6673	0.01818951277965293,5.972071132231907,25.082636804516277,
6679	0.008637448856705658,5.972071132231907,18.013206912118427,
6681	0.02040877257309677,5.972071132231907,21.057930675243007,
6689	0.006391772224045082,5.972071132231907,24.341942734344595,
6696	0.02674797554154768,5.972071132231907,22.35467210016341,
6718	0.0053400648231037165,5.972071132231907,22.394567945598727,
6723	0.006223043470896529,5.972071132231907,19.217035052732676,
6727	0.023033962599673184,5.972071132231907,15.224333507216006,
6732	0.014251477261548537,5.972071132231907,8.391301639834605,
6733	0.023382886916412236,5.972071132231907,20.457430246726254,
6735	0.03359755753188471,5.972071132231907,20.27652255899909,
6742	0.004889218424064666,5.972071132231907,24.459624042625126,
6746	0.013689848269787157,5.972071132231907,8.735556607944575,
6747	0.01207990493747913,5.972071132231907,41.302778201543234,
6754	0.03187968606160268,5.972071132231907,21.597193359665546,
6759	0.02058772437164384,5.972071132231907,22.160824308078347,
6766	0.016706154846478076,5.972071132231907,27.375691356693064,
6770	0.024188197519686764,5.972071132231907,30.180914383121344,
6771	0.011273207377396165,5.972071132231907,31.107094624490305,
6775	0.004351417895372777,5.972071132231907,27.48263839289399,
6778	0.027806641221957428,5.972071132231907,17.20286079290514,
6780	0.021856312091603883,5.972071132231907,21.51621788497956,
6793	0.035083887036394874,5.972071132231907,19.41750731655909,
6806	0.012899495886068804,5.972071132231907,27.185304891556925,
6807	0.005016693946946508,5.972071132231907,23.838098512604553,
6813	0.014132510010633285,5.972071132231907,30.409779840079132,
6814	0.018339754481655316,5.972071132231907,23.43360258399068,
6818	0.04179377571558536,5.972071132231907,8.390644841389468,
6836	0.018618725296685776,5.972071132231907,18.834626056413587,
6874	0.0076709492100561424,5.972071132231907,15.589784424347997,
6884	0.03435478446089921,5.972071132231907,8.78347485279865,
6895	0.02296588756434761,5.972071132231907,15.269461179221198,
6980	0.03708612828214293,5.972071132231907,9.4557384351986,
6981	0.028503570003493822,5.972071132231907,10.586547065811002,
6986	0.01715496946985772,5.972071132231907,37.00486086182938,
6995	0.030518041312166098,5.972071132231907,13.806352301271525,
6996	0.041537021567307854,5.972071132231907,19.243594839610353,
7006	0.02043559708309971,5.972071132231907,17.16009212670254,
7007	0.022311306671577873,5.972071132231907,20.448866999096115,
7009	0.013213528704670826,5.972071132231907,22.836775257388997,
7027	0.025160930228539182,5.972071132231907,27.07537547438612,
7029	0.013516189144395988,5.972071132231907,22.325404162514094,
7030	0.004564290496730725,5.972071132231907,26.200883708115366,
7037	0.02426856782032987,5.972071132231907,21.45588050741528,
7038	0.008125165906468291,5.972071132231907,14.718277250153838,
7042	0.012131671356048196,5.972071132231907,12.82495617317493,
7044	0.0026721524824237716,5.972071132231907,44.75360044065499,
7050	0.061517432972032174,5.972071132231907,9.089116760100717,
7051	0.025049124147639792,5.972071132231907,25.342892413299424,
7052	0.031232178718037417,5.972071132231907,20.325743652151683,
7055	0.023056896178898438,5.972071132231907,29.53995064706475,
7056	0.022436502167553725,5.972071132231907,30.356762837307127,
7058	0.027350140003074126,5.972071132231907,31.3616752351017,
7063	0.011613272468506634,5.972071132231907,13.397442785451762,
7066	0.01447431236353279,5.972071132231907,26.208166597901286,
7067	0.010528274205197103,5.972071132231907,11.35878893198517,
7068	0.010712688482571203,5.972071132231907,11.163252316116528,
7069	0.010480023057255634,5.972071132231907,11.411086012077346,
7073	0.028275124170558948,5.972071132231907,19.387347579867114,
7076	0.007310298481087284,5.972071132231907,16.358900368335036,
7077	0.004398741754177673,5.972071132231907,27.186966454968527,
7084	0.012896347966896215,5.972071132231907,9.273047286089891,
7085	0.0073200726854890374,5.972071132231907,16.33705697375987,
7088	0.014121128668159346,5.972071132231907,8.468759638494667,
7095	0.005816356817767779,5.972071132231907,20.560713219928257,
7097	0.03577931480198966,5.972071132231907,13.143492985475266,
7111	0.027621578979108143,5.972071132231907,17.025282062287324,
7113	0.01419747543132938,5.972071132231907,24.699935584063844,
7114	0.07040802551892397,5.972071132231907,7.941411890810475,
7115	0.004508630497564364,5.972071132231907,26.52433917117436,
7118	0.02502498913924379,5.972071132231907,33.43976622786648,
7123	0.019416284420149737,5.972071132231907,15.541304343094236,
7125	0.016714107253030415,5.972071132231907,18.053873941183145,
7127	0.0439731327832938,5.972071132231907,27.859292629711614,
7128	0.004018777757336946,5.972071132231907,29.757416741089816,
7132	0.003951438823724899,5.972071132231907,30.26453144026294,
7135	0.026568741196791573,5.972071132231907,11.357496508794542,
7137	0.026543305018054346,5.972071132231907,11.368380281972323,
7138	0.007144112137419134,5.972071132231907,16.739441125024122,
7141	0.01610408522348394,5.972071132231907,7.425969426720792,
7145	0.02718148143345221,5.972071132231907,29.46234110521466,
7146	0.023132927390452914,5.972071132231907,16.398494812640422,
7150	0.030097756056242795,5.972071132231907,15.893336937335315,
7156	0.03913896015933357,5.972071132231907,7.709821215412793,
7161	0.008330151207385502,5.972071132231907,14.356095290187632,
7169	0.01050360168344029,5.972071132231907,11.385470252878866,
7171	0.01000121717147128,5.972071132231907,11.957389032209683,
7172	0.0038821909601068215,5.972071132231907,30.80436942535337,
7175	0.052377283698303516,5.972071132231907,15.289645074957688,
7177	0.0061598769359960965,5.972071132231907,19.414096378462716,
7180	0.03176914205791483,5.972071132231907,26.095464119189675,
7181	0.024191831058541682,5.972071132231907,19.773359730481978,
7183	0.0056939556330681375,5.972071132231907,21.002700446132323,
7184	0.022604689755548503,5.972071132231907,13.349193846447637,
7193	0.010451680449551675,5.972071132231907,14.886424647182332,
7197	0.013912508818096305,5.972071132231907,21.68942994617387,
7216	0.006860145250068004,5.972071132231907,17.432348755839,
7221	0.01042619473625244,5.972071132231907,11.469999126247123,
7225	0.024928245404000286,5.972071132231907,22.429943303380025,
7226	0.010845174338455475,5.972071132231907,11.026880784281529,
7227	0.009026689138378173,5.972071132231907,13.248317592598998,
7229	0.006496337427625563,5.972071132231907,18.40859497327679,
7239	0.005154174746512014,5.972071132231907,23.202248739398474,
7240	0.01910316166749374,5.972071132231907,18.356999470243824,
7241	0.021912964013751646,5.972071132231907,19.612432062653383,
7243	0.022532695126797963,5.972071132231907,13.391846101301564,
7246	0.012073685385005977,5.972071132231907,9.90488328140568,
7255	0.009718532811607661,5.972071132231907,12.305195324551798,
7260	0.03150758086523379,5.972071132231907,13.640098865390431,
7268	0.005837102698531569,5.972071132231907,20.487637564605897,
7272	0.05507121731395213,5.972071132231907,8.686094141202174,
7279	0.03884678820583561,5.972071132231907,7.767807824593748,
7282	0.013193388436374544,5.972071132231907,9.064270721021835,
7285	0.025567222922953912,5.972071132231907,18.709649440656758,
7289	0.017199031162871956,5.972071132231907,28.684304545774644,
7290	0.028164991033857494,5.972071132231907,15.825597665632536,
7293	0.0060261344434618365,5.972071132231907,19.844967887274315,
7303	0.02462550930607089,5.972071132231907,22.308369573113307,
7306	0.005479128876315747,5.972071132231907,21.82617843355256,
7319	0.00423242097813374,5.972071132231907,28.255328364719904,
7320	0.006492921825573327,5.972071132231907,23.962733208318166,
7325	0.00399777680578901,5.972071132231907,29.91373714053443,
7330	0.04948115218188659,5.972071132231907,8.685458989138008,
7332	0.05004451294021214,5.972071132231907,8.587685097954934,
7337	0.022512849746264225,5.972071132231907,15.576736511038808,
7338	0.03351261204086045,5.972071132231907,9.004203701511246,
7355	0.007650305922012013,5.972071132231907,20.337507419279834,
7358	0.02677941427628543,5.972071132231907,17.862742370851574,
7378	0.005334400730814034,5.972071132231907,22.41834660528935,
7386	0.01964741495734323,5.972071132231907,15.35847774583929,
7390	0.010473957536031874,5.972071132231907,11.41769422909124,
7397	0.011138824705522347,5.972071132231907,10.73618157000073,
7402	0.006507496479093883,5.972071132231907,27.145098545856644,
7408	0.023997929355469436,5.972071132231907,19.93312718668239,
7417	0.007932338857323204,5.972071132231907,15.076063525008482,
7422	0.04918976027670282,5.972071132231907,12.652076576382035,
7423	0.008688437714523605,5.972071132231907,13.764090673630957,
7426	0.02074958008888824,5.972071132231907,32.71042462892241,
7427	0.010446251172419084,5.972071132231907,18.340346141427776,
7429	0.015256236405914147,5.972071132231907,22.985795400641756,
7445	0.004634487238838589,5.972071132231907,25.804029302898005,
7446	0.049867638261701645,5.972071132231907,9.592469078828765,
7453	0.03323711995343604,5.972071132231907,41.765641538105584,
7456	0.012280988636211215,5.972071132231907,12.669025113329964,
7473	0.007183203723593603,5.972071132231907,16.64834370798971,
7475	0.022889314983176194,5.972071132231907,15.320542745290306,
7476	0.00570782512520762,5.972071132231907,20.951665808182558,
7478	0.006094122692245945,5.972071132231907,19.62357020922143,
7479	0.02136462259520406,5.972071132231907,24.372229788697002,
7481	0.005959113363487689,5.972071132231907,20.068160684378444,
7488	0.005150555414252146,5.972071132231907,23.21855312613153,
7489	0.010883166055078004,5.972071132231907,45.34888727788608,
7490	0.04126174863148161,5.972071132231907,19.40853464281967,
7491	0.009100730130353509,5.972071132231907,17.09622757955972,
7495	0.03927611581185566,5.972071132231907,10.942184814551998,
7504	0.05547312487274768,5.972071132231907,12.41162717437094,
7506	0.01677363886357383,5.972071132231907,7.129546873374024,
7513	0.006051803695405658,5.972071132231907,19.760793729262183,
7517	0.022336180099068258,5.972071132231907,13.509668351850975,
7522	0.04798748687646985,5.972071132231907,21.500944745561178,
7523	0.014515188625401779,5.972071132231907,29.608056023397126,
7526	0.01766729364759868,5.972071132231907,19.84892171970144,
7533	0.015189691572317159,5.972071132231907,27.73873504241593,
7534	0.006601983495708712,5.972071132231907,18.11401749074809,
7535	0.016885491028113472,5.972071132231907,17.87063135346319,
7550	0.007311069084283169,5.972071132231907,21.28117675473105,
