2292	26.248809496813376
2297	24.372115213907882
2298	30.083217912982647
2302	25.475478405713993
2308	22.181073012818835
2309	20.174241001832016
2312	25.357444666211933
2321	15.84297951775486
2334	24.08318915758459
2335	24.08318915758459
2336	23.727621035409346
2338	23.727621035409346
2352	20.73644135332772
2360	21.93171219946131
2363	18.65475810617763
2380	8.660254037844387
2402	19.924858845171276
2424	22.47220505424423
2447	35.0
2470	27.422618401604176
2473	26.795522013948524
2475	25.079872407968907
2484	23.916521486202797
2485	23.916521486202797
2498	37.26929030716845
2512	22.60530911091463
2520	42.49705872175156
2521	30.757112998459398
2526	19.924858845171276
2536	22.64950330581225
2539	22.64950330581225
2557	12.84523257866513
2558	12.569805089976535
2559	30.870698080866262
2568	14.730919862656235
2571	13.601470508735444
2597	14.89966442575134
2609	8.0
2619	13.711309200802088
2627	19.519221295943137
2646	13.638181696985855
2682	21.517434791350013
2697	26.758176320519304
2716	15.066519173319364
2725	29.732137494637012
2727	27.258026340878022
2728	32.817678162843876
2732	28.61817604250837
2733	24.71841418861655
2738	234.34163095788165
2739	227.1651381704508
2839	36.742346141747674
2840	16.0
2842	26.888659319497503
2853	37.986839826445156
2856	11.489125293076057
2859	12.083045973594572
2879	35.08560958569767
2901	21.494185260204677
2907	21.79449471770337
2912	15.937377450509228
2923	31.064449134018133
2936	35.397740040855716
2944	17.08800749063506
2949	29.546573405388315
2954	8.717797887081348
2962	7.681145747868608
2968	24.596747752497688
2978	28.74021572639983
3043	9.539392014169456
3046	27.0
3055	21.517434791350013
3056	21.18962010041709
3058	12.609520212918492
3070	8.602325267042627
3093	24.041630560342615
3109	41.94043395102154
3113	32.58834147360065
3115	28.879058156387302
3116	17.52141546793523
3135	19.467922333931785
3143	29.410882339705484
3153	18.24828759089466
3154	10.816653826391969
3162	14.560219778561036
3163	21.447610589527216
3165	18.384776310850235
3173	13.490737563232042
3175	21.540659228538015
3177	9.1104335791443
3178	12.0
3182	31.71750305430741
3186	25.534290669607408
3188	15.652475842498529
3190	25.298221281347036
3192	21.633307652783937
3196	25.019992006393608
3198	17.204650534085253
3200	14.142135623730951
3203	27.313000567495326
3213	15.937377450509228
3214	19.72308292331602
3219	27.23967694375247
3221	16.97056274847714
3224	28.231188426986208
3225	26.28687885618983
3232	13.114877048604
3244	22.11334438749598
3250	16.15549442140351
3253	34.785054261852174
3258	22.516660498395403
3263	19.697715603592208
3264	19.595917942265423
3272	14.2828568570857
3289	13.892443989449804
3291	20.952326839756964
3299	19.0
3300	15.811388300841896
3303	17.804493814764857
3313	19.949937343260004
3318	12.569805089976535
3374	17.578395831246947
3381	31.25699921617557
3384	9.327379053088816
3403	13.114877048604
3410	13.45362404707371
3427	30.822070014844883
3447	4.47213595499958
3454	9.9498743710662
3457	14.317821063276353
3473	11.61895003862225
3481	17.320508075688775
3483	24.24871130596428
3484	12.041594578792296
3486	10.535653752852738
3488	29.0
3489	24.515301344262525
3491	31.953090617340916
3492	7.280109889280518
3494	28.513154858766505
3507	32.89376840679705
3513	32.7414110874898
3526	8.774964387392123
3539	20.12461179749811
3540	20.12461179749811
3541	21.18962010041709
3550	15.033296378372908
3564	16.09347693943108
3592	10.44030650891055
3601	33.645207682521445
3610	27.94637722496424
3661	16.15549442140351
3664	18.867962264113206
3701	35.25620512760839
3724	29.832867780352597
3793	27.258026340878022
3795	24.041630560342615
3805	26.38181191654584
3854	20.784609690826528
3856	12.806248474865697
3889	19.519221295943137
3894	21.0
3931	16.492422502470642
3940	13.96424004376894
3942	22.825424421026653
3945	27.874719729532707
3947	33.21144381083123
3953	19.595917942265423
3956	13.564659966250536
3963	23.259406699226016
3985	23.173260452512935
3993	29.189039038652847
4007	10.908712114635714
4008	32.817678162843876
4013	22.02271554554524
4027	21.517434791350013
4038	28.035691537752374
4042	18.520259177452136
4078	38.07886552931954
4080	14.422205101855956
4157	9.797958971132712
4160	9.746794344808963
4175	16.822603841260722
4204	9.0
4205	15.524174696260024
4221	23.727621035409346
4268	6.557438524302
4293	7.3484692283495345
4311	16.522711641858304
4331	33.793490497431605
4341	21.447610589527216
4367	33.80828300875393
4369	11.090536506409418
4374	7.874007874011811
4385	29.410882339705484
4418	8.774964387392123
4490	37.603191353926334
4493	28.879058156387302
4494	29.376861643136763
4495	27.694764848252458
4497	12.767145334803704
4504	33.734255586866
4508	18.734993995195193
4514	19.1049731745428
4529	16.852299546352718
4530	28.442925306655784
4537	25.099800796022265
4543	15.811388300841896
4555	26.457513110645905
4562	14.798648586948742
4576	20.97617696340303
4577	12.36931687685298
4585	28.61817604250837
4595	27.586228448267445
4607	35.156791662493895
4651	9.327379053088816
4661	23.259406699226016
4669	7.810249675906654
4672	9.9498743710662
4733	30.380915061926625
4741	12.609520212918492
4753	22.93468988235943
4768	18.57417562100671
4769	16.3707055437449
4778	15.491933384829668
4780	11.045361017187261
4787	16.852299546352718
4788	9.327379053088816
4800	8.660254037844387
4802	13.45362404707371
4824	8.06225774829855
4831	21.633307652783937
4837	16.401219466856727
4846	14.177446878757825
4850	14.696938456699069
4859	28.861739379323623
4865	10.723805294763608
4871	23.68543856465402
4874	10.908712114635714
4888	9.643650760992955
4895	8.12403840463596
4912	9.0
4914	16.0
4934	36.742346141747674
4935	38.07886552931954
4942	24.20743687382041
4943	13.96424004376894
4966	31.71750305430741
4971	21.42428528562855
4974	37.48332962798263
4988	16.401219466856727
4991	27.147743920996454
4997	23.021728866442675
5000	20.074859899884732
5014	28.705400188814647
5021	33.58571124749333
5029	25.632011235952593
5046	28.722813232690143
5070	14.352700094407323
5103	36.30426972134269
5119	31.480152477394387
5125	36.4417343165772
5131	14.52583904633395
5135	24.124676163629637
5142	24.124676163629637
5169	34.132096331752024
5182	18.920887928424502
5191	19.364916731037084
5192	24.041630560342615
5202	29.49576240750525
5210	31.811947441173732
5216	15.652475842498529
5217	31.480152477394387
5227	25.099800796022265
5232	18.894443627691185
5233	18.867962264113206
5262	24.79919353527449
5299	26.153393661244042
5335	21.79449471770337
5336	23.302360395462088
5390	18.466185312619388
5392	19.72308292331602
5436	28.75760768909681
5447	17.944358444926362
5454	17.832554500127006
5476	29.274562336608895
5478	25.436194683953808
5482	8.246211251235321
5485	26.70205984563738
5487	22.494443758403985
5491	29.732137494637012
5492	13.856406460551018
5520	37.57658845611187
5546	19.72308292331602
5560	29.29163703175362
5563	12.409673645990857
5603	34.91418050019218
5622	9.055385138137417
5625	23.40939982143925
5639	13.341664064126334
5648	7.416198487095663
5663	8.48528137423857
5671	14.933184523068078
5673	27.54995462791182
5681	18.627936010197157
5682	5.385164807134504
5687	25.92296279363144
5745	16.15549442140351
5765	30.380915061926625
5768	19.078784028338912
5769	19.467922333931785
5770	20.199009876724155
5779	19.05255888325765
5814	22.15851980616034
5822	32.60368077380221
5827	21.61018278497431
5845	24.79919353527449
5847	28.0
5848	27.129319932501073
5849	23.2163735324878
5864	27.147743920996454
5870	21.61018278497431
5872	18.275666882497067
5877	21.748563170931547
5884	21.540659228538015
5887	9.0
5888	14.38749456993816
5895	26.645825188948457
5905	23.853720883753127
5910	32.18695387886216
5916	11.0
5924	35.77708763999664
5925	31.68595903550972
5927	27.94637722496424
5930	28.372521918222215
5932	18.601075237738275
5935	28.53068523537421
5948	15.968719422671311
5949	23.430749027719962
5960	27.129319932501073
5961	32.7566787083184
5964	22.06807649071391
6002	12.083045973594572
6017	24.95996794869737
6072	13.564659966250536
6079	17.60681686165901
6080	23.515952032609693
6087	27.073972741361768
6095	8.54400374531753
6097	16.0
6107	21.702534414210707
6109	8.774964387392123
6121	24.351591323771842
6132	21.587033144922902
6135	23.366642891095847
6143	16.24807680927192
6156	33.34666400106613
6167	38.05259518088089
6183	15.937377450509228
6184	14.212670403551895
6185	12.083045973594572
6187	22.15851980616034
6201	15.0996688705415
6211	15.427248620541512
6213	34.91418050019218
6214	29.49576240750525
6227	25.96150997149434
6231	29.732137494637012
6244	17.11724276862369
6252	36.30426972134269
6274	11.135528725660043
6304	30.199337741083
6319	18.2208671582886
6362	34.132096331752024
6367	29.0
6372	9.695359714832659
6373	16.09347693943108
6374	14.89966442575134
6399	25.238858928247925
6401	23.706539182259394
6405	30.773365106858236
6423	27.748873851023216
6433	16.703293088490067
6447	14.45683229480096
6461	11.661903789690601
6472	33.391615714128
6506	18.2208671582886
6557	19.313207915827967
6564	17.349351572897472
6566	69.59166616772443
6572	47.25462940284264
6575	23.302360395462088
6590	28.142494558940577
6632	19.544820285692065
6637	22.494443758403985
6644	30.95157508108432
6645	36.15245496505044
6656	19.390719429665317
6677	9.1104335791443
6681	15.84297951775486
6684	27.313000567495326
6689	23.021728866442675
6696	15.198684153570664
6698	22.44994432064365
6707	30.364452901377952
6725	31.73326330524486
6742	21.071307505705477
6749	16.76305461424021
6766	17.26267650163207
6769	23.0
6770	27.349588662354687
6771	31.51190251317746
6775	26.229754097208
6799	21.37755832643195
6800	13.076696830622021
6806	23.874672772626646
6812	21.18962010041709
6813	24.351591323771842
6827	8.831760866327848
6947	17.406895185529212
7029	20.445048300260872
7037	19.339079605813716
7064	13.152946437965905
7100	30.708305065568176
7110	17.549928774784245
7113	23.065125189341593
7139	17.349351572897472
7145	23.323807579381203
7173	13.674794331177344
7181	18.35755975068582
7188	31.78049716414141
7192	21.307275752662516
7197	17.776388834631177
7198	19.949937343260004
7229	24.859605789312106
7236	19.467922333931785
7240	15.684387141358123
7255	13.416407864998739
7284	16.3707055437449
7313	13.856406460551018
7318	36.4417343165772
7319	29.017236257093817
7389	31.080540535840107
7408	20.322401432901575
7415	12.767145334803704
7426	24.859605789312106
7429	26.13426869074396
7431	13.784048752090222
7438	19.0
7440	8.06225774829855
7453	29.58039891549808
7459	8.660254037844387
7481	13.96424004376894
7513	13.527749258468683
7523	21.633307652783937
