2321	creat,1,148
2363	creat,1,148
2424	creat,3,148
2470	creat,1,148
2498	creat,1,148
2520	creat,1,148
2526	creat,1,148
2559	creat,2,148
2568	creat,1,148
2646	creat,1,148
2725	creat,1,148
2733	creat,1,148
2738	creat,2,148
2879	creat,1,148
2954	creat,1,148
2962	creat,1,148
2978	creat,1,148
3058	creat,1,148
3070	creat,1,148
3093	creat,1,148
3135	creat,1,148
3182	creat,3,148
3196	creat,1,148
3213	creat,1,148
3224	creat,1,148
3225	creat,1,148
3250	creat,1,148
3253	creat,1,148
3263	creat,3,148
3289	creat,1,148
3291	creat,1,148
3313	creat,1,148
3374	creat,2,148
3381	creat,1,148
3481	creat,1,148
3489	creat,1,148
3539	creat,2,148
3540	creat,2,148
3541	creat,1,148
3601	creat,1,148
3724	creat,1,148
3793	creat,1,148
3795	creat,1,148
3805	creat,1,148
3947	creat,1,148
3956	creat,1,148
4007	creat,1,148
4027	creat,1,148
4078	creat,1,148
4157	creat,1,148
4205	creat,1,148
4221	creat,1,148
4293	creat,1,148
4369	creat,1,148
4385	creat,2,148
4418	creat,1,148
4494	creat,3,148
4529	creat,1,148
4530	creat,1,148
4537	creat,1,148
4595	creat,1,148
4669	creat,1,148
4672	creat,1,148
4733	creat,1,148
4831	creat,1,148
4850	creat,1,148
4865	creat,1,148
4874	creat,1,148
4888	creat,1,148
4935	creat,1,148
7313	creat,4,148
7513	creat,1,148
4966	creat,3,148
4974	creat,1,148
4988	creat,2,148
5021	creat,2,148
5029	creat,1,148
5046	creat,1,148
5070	creat,1,148
5103	creat,1,148
5119	creat,1,148
5135	creat,1,148
5142	creat,1,148
5182	creat,1,148
5192	creat,1,148
5210	creat,2,148
5216	creat,1,148
5217	creat,1,148
5227	creat,1,148
5436	creat,1,148
5447	creat,1,148
5454	creat,2,148
5476	creat,1,148
5478	creat,1,148
5482	creat,1,148
5487	creat,1,148
5520	creat,2,148
5563	creat,1,148
5622	creat,1,148
5639	creat,1,148
5648	creat,1,148
5663	creat,1,148
5671	creat,1,148
5768	creat,1,148
5769	creat,1,148
5770	creat,1,148
5779	creat,1,148
5822	creat,1,148
5827	creat,1,148
5845	creat,1,148
5847	creat,1,148
5848	creat,1,148
5888	creat,1,148
5905	creat,1,148
5910	creat,1,148
5916	creat,1,148
5949	creat,1,148
6017	creat,1,148
6087	creat,1,148
6097	creat,1,148
6201	creat,1,148
6213	creat,1,148
6231	creat,2,148
6252	creat,1,148
6304	creat,1,148
6373	creat,1,148
6405	creat,1,148
6472	creat,1,148
6564	creat,1,148
6572	creat,1,148
6590	creat,3,148
6637	creat,1,148
6644	creat,1,148
6656	creat,1,148
6684	creat,3,148
6696	creat,1,148
6698	creat,1,148
6771	creat,1,148
6775	creat,3,148
6799	creat,1,148
6800	creat,1,148
6806	creat,1,148
6827	creat,1,148
7029	creat,1,148
7064	creat,1,148
7188	creat,2,148
7192	creat,1,148
7197	creat,1,148
2292	polici,2,328
2297	polici,2,328
2298	polici,2,328
2302	polici,1,328
2308	polici,3,328
2309	polici,1,328
2312	polici,1,328
2334	polici,3,328
2335	polici,3,328
2336	polici,1,328
2338	polici,1,328
2352	polici,1,328
2360	polici,1,328
2380	polici,1,328
2402	polici,1,328
2447	polici,2,328
2473	polici,1,328
2475	polici,3,328
2484	polici,1,328
2485	polici,1,328
2498	polici,3,328
2512	polici,3,328
2521	polici,1,328
2536	polici,3,328
2539	polici,3,328
2557	polici,1,328
2558	polici,1,328
2571	polici,1,328
2597	polici,1,328
2609	polici,1,328
2619	polici,1,328
2627	polici,1,328
2682	polici,1,328
2697	polici,2,328
2716	polici,1,328
2727	polici,3,328
2728	polici,1,328
2732	polici,1,328
2738	polici,20,328
2739	polici,23,328
2839	polici,4,328
2840	polici,1,328
2842	polici,2,328
2853	polici,1,328
2856	polici,1,328
2859	polici,1,328
2879	polici,2,328
2901	polici,1,328
2907	polici,2,328
2912	polici,1,328
2923	polici,3,328
2936	polici,4,328
2944	polici,1,328
2949	polici,3,328
2968	polici,1,328
3043	polici,1,328
3046	polici,2,328
3055	polici,1,328
3056	polici,3,328
3109	polici,2,328
3113	polici,1,328
3115	polici,1,328
3116	polici,1,328
3135	polici,2,328
3143	polici,2,328
3153	polici,1,328
3154	polici,1,328
3162	polici,1,328
3163	polici,1,328
3165	polici,1,328
3173	polici,1,328
3175	polici,1,328
3177	polici,1,328
3178	polici,1,328
3182	polici,4,328
3186	polici,1,328
3188	polici,1,328
3190	polici,1,328
3192	polici,1,328
3196	polici,1,328
3198	polici,2,328
3200	polici,1,328
3203	polici,1,328
3214	polici,1,328
3219	polici,2,328
3221	polici,1,328
3232	polici,1,328
3244	polici,1,328
3258	polici,2,328
3264	polici,1,328
3272	polici,1,328
3299	polici,1,328
3300	polici,2,328
3303	polici,1,328
3318	polici,1,328
3384	polici,1,328
3403	polici,1,328
3410	polici,1,328
3427	polici,1,328
3447	polici,1,328
3454	polici,1,328
3457	polici,1,328
3473	polici,1,328
3483	polici,1,328
3484	polici,1,328
3486	polici,1,328
3488	polici,1,328
3491	polici,1,328
3492	polici,1,328
3494	polici,1,328
3507	polici,8,328
3513	polici,1,328
3526	polici,1,328
3550	polici,1,328
3564	polici,1,328
3592	polici,2,328
3610	polici,1,328
3661	polici,1,328
3664	polici,1,328
3701	polici,1,328
3724	polici,1,328
3854	polici,1,328
3856	polici,1,328
3889	polici,1,328
3894	polici,2,328
3931	polici,2,328
3940	polici,1,328
3942	polici,1,328
3945	polici,1,328
3953	polici,1,328
3963	polici,1,328
3985	polici,1,328
3993	polici,1,328
4008	polici,1,328
4013	polici,1,328
4038	polici,1,328
4042	polici,1,328
4160	polici,1,328
4175	polici,1,328
4204	polici,1,328
4268	polici,1,328
4311	polici,1,328
4331	polici,2,328
4341	polici,1,328
4367	polici,2,328
4374	polici,1,328
4490	polici,1,328
4493	polici,1,328
4495	polici,1,328
4497	polici,1,328
4504	polici,2,328
4508	polici,1,328
4514	polici,1,328
4543	polici,1,328
4555	polici,1,328
4562	polici,1,328
4576	polici,1,328
4577	polici,1,328
4585	polici,1,328
4595	polici,1,328
4607	polici,3,328
4651	polici,1,328
4661	polici,2,328
4741	polici,1,328
4753	polici,1,328
4768	polici,2,328
4769	polici,1,328
4778	polici,2,328
4780	polici,1,328
4787	polici,3,328
4788	polici,1,328
4800	polici,1,328
4802	polici,1,328
4824	polici,1,328
4837	polici,1,328
4846	polici,1,328
4859	polici,2,328
4871	polici,1,328
4895	polici,1,328
4912	polici,1,328
4914	polici,1,328
4934	polici,2,328
4942	polici,1,328
4943	polici,1,328
4966	polici,4,328
4971	polici,1,328
4991	polici,1,328
4997	polici,1,328
5000	polici,1,328
5014	polici,1,328
5029	polici,2,328
5119	polici,1,328
5125	polici,1,328
5131	polici,1,328
5135	polici,1,328
5142	polici,1,328
5169	polici,1,328
5191	polici,1,328
5202	polici,2,328
5217	polici,2,328
5232	polici,1,328
5233	polici,1,328
5262	polici,4,328
5299	polici,1,328
5335	polici,3,328
5336	polici,3,328
5390	polici,1,328
5392	polici,1,328
5476	polici,4,328
5485	polici,1,328
5491	polici,1,328
5492	polici,1,328
5546	polici,1,328
5560	polici,1,328
5603	polici,3,328
5625	polici,1,328
5673	polici,7,328
5681	polici,2,328
5682	polici,1,328
5687	polici,1,328
5745	polici,1,328
5765	polici,1,328
5779	polici,1,328
5814	polici,1,328
5845	polici,2,328
5849	polici,1,328
5864	polici,2,328
5870	polici,1,328
5872	polici,1,328
5877	polici,1,328
5884	polici,1,328
5887	polici,1,328
5895	polici,3,328
5905	polici,1,328
5910	polici,2,328
5924	polici,2,328
5925	polici,1,328
5927	polici,1,328
5930	polici,2,328
5932	polici,1,328
5935	polici,1,328
5948	polici,3,328
5960	polici,1,328
5961	polici,1,328
5964	polici,1,328
6002	polici,1,328
6072	polici,1,328
6079	polici,1,328
6080	polici,1,328
6095	polici,1,328
6107	polici,2,328
6109	polici,2,328
6121	polici,2,328
6132	polici,1,328
6135	polici,1,328
6143	polici,1,328
6156	polici,3,328
6167	polici,1,328
6183	polici,1,328
6184	polici,2,328
6185	polici,1,328
6187	polici,2,328
6201	polici,1,328
6211	polici,1,328
6214	polici,1,328
6227	polici,1,328
6244	polici,1,328
6274	polici,1,328
6319	polici,2,328
6362	polici,1,328
6367	polici,1,328
6372	polici,1,328
6374	polici,2,328
6399	polici,1,328
6401	polici,1,328
6405	polici,1,328
6423	polici,7,328
6433	polici,1,328
6447	polici,1,328
6461	polici,1,328
6506	polici,1,328
6557	polici,2,328
6566	polici,5,328
6572	polici,1,328
6575	polici,3,328
6632	polici,1,328
6644	polici,1,328
6645	polici,1,328
6677	polici,1,328
6681	polici,1,328
6689	polici,1,328
6707	polici,3,328
6725	polici,2,328
6742	polici,2,328
6749	polici,1,328
6766	polici,1,328
6769	polici,1,328
6770	polici,1,328
6812	polici,2,328
6813	polici,1,328
6947	polici,2,328
7037	polici,1,328
7100	polici,7,328
7110	polici,1,328
7113	polici,1,328
7139	polici,1,328
7173	polici,1,328
7181	polici,1,328
7198	polici,2,328
7229	polici,2,328
7236	polici,1,328
7240	polici,1,328
7255	polici,1,328
7284	polici,1,328
7318	polici,1,328
7319	polici,1,328
7389	polici,2,328
7408	polici,1,328
7415	polici,1,328
7426	polici,2,328
7429	polici,5,328
7431	polici,1,328
7438	polici,1,328
7440	polici,1,328
7453	polici,1,328
7459	polici,4,328
7481	polici,1,328
7523	polici,2,328
3116	racial,2,4
4080	racial,2,4
5905	racial,2,4
7145	racial,2,4
